aa24015al.txt 
DUT SN 1
Az P1  @ 0 deg. Tilt 
15-Jan-2024 09:36:42 
LM Naude 
PNA X  S21 0 64 TxV RxV 
List 2.3        2.34        2.38         2.4        2.44 
Axis C -180 180 1 
          
 -179.9860    -60.12   -105.08    -62.03    177.55    -61.62    102.41    -59.41   -112.65    -59.00    157.42
 -179.0190    -60.14   -104.55    -62.01    178.24    -61.60    102.99    -59.42   -111.95    -58.99    158.26
 -178.0170    -60.16   -103.66    -62.01    179.07    -61.60    103.76    -59.42   -111.26    -58.90    159.00
 -177.0140    -60.21   -102.94    -61.98   -179.96    -61.59    104.37    -59.44   -110.67    -58.89    159.79
 -176.0100    -60.25   -101.84    -61.96   -178.90    -61.56    105.00    -59.41   -109.95    -58.84    160.81
 -174.9800    -60.24   -101.05    -61.91   -177.98    -61.54    105.61    -59.41   -109.46    -58.81    161.39
 -174.0180    -60.26    -99.83    -61.84   -177.06    -61.53    106.21    -59.43   -108.88    -58.77    162.10
 -172.9800    -60.30    -98.68    -61.78   -176.24    -61.47    106.84    -59.43   -108.35    -58.75    162.64
 -172.0170    -60.34    -97.45    -61.73   -174.94    -61.41    107.33    -59.40   -107.98    -58.72    163.40
 -170.9860    -60.34    -96.10    -61.67   -174.16    -61.39    107.70    -59.39   -107.71    -58.71    163.95
 -170.0190    -60.35    -95.10    -61.59   -172.98    -61.36    108.30    -59.40   -107.22    -58.71    164.57
 -169.0120    -60.40    -93.86    -61.55   -172.10    -61.27    108.83    -59.42   -106.67    -58.71    165.08
 -168.0130    -60.41    -92.64    -61.46   -171.37    -61.24    109.43    -59.39   -106.28    -58.70    165.63
 -167.0110    -60.44    -91.37    -61.43   -170.39    -61.22    110.17    -59.40   -105.68    -58.71    166.24
 -166.0190    -60.51    -90.25    -61.43   -169.50    -61.21    111.01    -59.35   -104.97    -58.68    166.72
 -164.9800    -60.52    -89.36    -61.41   -168.77    -61.17    111.64    -59.37   -104.33    -58.68    167.37
 -164.0180    -60.57    -88.37    -61.42   -167.85    -61.20    112.73    -59.34   -103.42    -58.62    167.84
 -162.9800    -60.64    -87.64    -61.48   -167.13    -61.16    113.97    -59.35   -102.65    -58.61    168.50
 -162.0190    -60.72    -86.77    -61.49   -166.20    -61.17    115.06    -59.32   -101.61    -58.57    169.12
 -160.9870    -60.78    -85.89    -61.56   -165.68    -61.20    116.48    -59.28   -100.69    -58.52    169.79
 -160.0020    -60.84    -85.29    -61.64   -164.89    -61.21    117.99    -59.28    -99.40    -58.47    170.47
 -159.0180    -60.90    -84.74    -61.76   -164.26    -61.25    119.39    -59.25    -98.32    -58.39    171.21
 -158.0180    -60.96    -84.00    -61.78   -163.39    -61.27    120.79    -59.24    -97.09    -58.34    172.01
 -157.0060    -61.01    -83.47    -61.84   -163.12    -61.29    122.31    -59.25    -96.03    -58.30    172.76
 -156.0020    -61.05    -82.75    -61.93   -162.44    -61.31    123.55    -59.25    -94.79    -58.25    173.45
 -154.9930    -61.05    -82.23    -61.99   -162.01    -61.33    124.81    -59.26    -93.65    -58.21    174.34
 -153.9960    -61.04    -81.50    -61.99   -161.70    -61.35    125.94    -59.27    -92.71    -58.21    175.04
 -152.9800    -61.04    -80.82    -62.01   -161.44    -61.37    126.82    -59.33    -91.75    -58.17    175.67
 -152.0170    -60.99    -80.06    -62.02   -161.32    -61.42    127.74    -59.35    -90.98    -58.19    176.51
 -151.0030    -60.96    -79.20    -62.00   -161.17    -61.46    128.36    -59.41    -90.19    -58.19    177.15
 -150.0130    -60.92    -78.55    -61.96   -160.88    -61.49    129.01    -59.50    -89.45    -58.24    177.76
 -149.0000    -60.81    -77.61    -61.97   -160.69    -61.51    129.78    -59.58    -88.82    -58.28    178.50
 -148.0180    -60.79    -76.75    -61.93   -160.50    -61.52    130.37    -59.65    -88.06    -58.30    179.18
 -146.9940    -60.75    -76.10    -61.90   -160.52    -61.52    131.06    -59.73    -87.77    -58.35    179.84
 -146.0030    -60.69    -75.08    -61.89   -159.93    -61.55    131.57    -59.76    -86.93    -58.39   -179.42
 -144.9800    -60.69    -74.43    -61.86   -159.44    -61.58    132.42    -59.80    -86.65    -58.42   -179.01
 -144.0180    -60.67    -73.71    -61.85   -159.00    -61.57    133.32    -59.83    -85.84    -58.45   -178.35
 -142.9800    -60.66    -72.82    -61.86   -158.21    -61.56    134.04    -59.86    -85.47    -58.46   -177.68
 -142.0170    -60.67    -71.95    -61.91   -157.40    -61.53    135.01    -59.86    -84.65    -58.49   -177.39
 -140.9890    -60.68    -71.21    -61.89   -156.47    -61.52    135.76    -59.84    -84.01    -58.51   -176.68
 -140.0190    -60.74    -70.29    -61.93   -155.40    -61.45    137.05    -59.86    -83.34    -58.51   -176.26
 -139.0080    -60.76    -69.47    -61.90   -154.27    -61.41    137.77    -59.80    -82.64    -58.51   -175.71
 -137.9960    -60.79    -68.62    -61.94   -153.04    -61.38    139.07    -59.78    -81.89    -58.49   -175.29
 -136.9940    -60.84    -67.74    -61.93   -151.99    -61.35    139.96    -59.76    -81.26    -58.54   -174.74
 -136.0190    -60.87    -66.79    -61.94   -150.94    -61.31    141.07    -59.77    -80.89    -58.56   -174.12
 -134.9870    -60.93    -65.73    -61.93   -149.71    -61.24    141.76    -59.72    -80.32    -58.60   -173.79
 -134.0190    -60.98    -65.14    -61.93   -148.36    -61.20    142.66    -59.69    -79.84    -58.64   -173.34
 -132.9800    -61.02    -64.34    -61.92   -147.36    -61.16    143.42    -59.66    -79.53    -58.71   -172.92
 -132.0190    -61.06    -63.48    -61.89   -146.18    -61.10    144.12    -59.68    -79.02    -58.77   -172.43
 -130.9790    -61.11    -62.66    -61.90   -145.18    -61.09    144.74    -59.64    -78.86    -58.82   -171.92
 -130.0070    -61.14    -61.68    -61.87   -143.94    -61.03    145.43    -59.62    -78.30    -58.90   -171.66
 -129.0190    -61.15    -61.02    -61.83   -142.55    -60.96    146.04    -59.60    -77.92    -58.96   -171.14
 -128.0150    -61.23    -59.84    -61.79   -141.27    -60.93    146.71    -59.58    -77.70    -59.02   -170.76
 -126.9890    -61.30    -58.94    -61.72   -140.07    -60.85    147.36    -59.53    -77.36    -59.10   -170.39
 -126.0090    -61.31    -58.06    -61.68   -139.02    -60.82    148.09    -59.50    -76.93    -59.16   -170.23
 -124.9800    -61.36    -57.13    -61.64   -137.72    -60.73    148.53    -59.47    -76.83    -59.20   -169.76
 -124.0190    -61.40    -56.18    -61.57   -136.48    -60.71    149.34    -59.42    -76.57    -59.27   -169.39
 -122.9800    -61.42    -54.92    -61.49   -135.21    -60.66    149.94    -59.39    -76.09    -59.31   -169.26
 -122.0190    -61.42    -53.93    -61.39   -134.27    -60.61    150.37    -59.36    -75.91    -59.37   -168.91
 -121.0080    -61.41    -52.81    -61.30   -133.29    -60.54    150.83    -59.34    -75.75    -59.45   -168.73
 -120.0190    -61.41    -51.74    -61.21   -132.79    -60.53    151.14    -59.34    -75.38    -59.54   -168.36
 -119.0080    -61.36    -50.47    -61.16   -131.79    -60.53    151.53    -59.34    -75.09    -59.61   -167.87
 -118.0170    -61.30    -49.65    -61.07   -131.53    -60.52    151.84    -59.40    -74.67    -59.72   -167.29
 -117.0100    -61.26    -48.72    -61.00   -130.99    -60.52    151.83    -59.40    -74.41    -59.82   -166.87
 -116.0100    -61.16    -47.86    -60.89   -130.53    -60.56    152.26    -59.45    -74.04    -59.92   -166.37
 -114.9810    -61.07    -46.91    -60.86   -130.42    -60.60    152.40    -59.53    -73.63    -60.04   -165.65
 -114.0190    -61.00    -46.48    -60.79   -130.17    -60.62    152.49    -59.58    -73.06    -60.15   -164.90
 -112.9800    -60.94    -45.96    -60.74   -129.98    -60.67    152.57    -59.66    -72.78    -60.22   -164.25
 -112.0190    -60.86    -45.21    -60.71   -130.04    -60.75    153.05    -59.75    -72.18    -60.31   -163.36
 -110.9860    -60.78    -44.82    -60.68   -129.64    -60.78    153.43    -59.80    -71.58    -60.37   -162.60
 -110.0190    -60.72    -44.20    -60.65   -129.35    -60.82    153.91    -59.89    -70.97    -60.43   -161.95
 -109.0140    -60.68    -43.78    -60.65   -129.08    -60.83    154.14    -59.92    -70.25    -60.52   -161.22
 -108.0160    -60.63    -43.29    -60.66   -128.68    -60.84    154.75    -59.99    -69.49    -60.53   -160.52
 -107.0140    -60.62    -42.72    -60.66   -128.18    -60.89    155.17    -60.01    -68.81    -60.58   -159.84
 -106.0180    -60.59    -42.09    -60.64   -127.32    -60.90    155.88    -60.07    -67.85    -60.60   -159.25
 -104.9790    -60.57    -41.23    -60.63   -126.72    -60.84    156.55    -60.06    -67.18    -60.61   -158.80
 -104.0000    -60.58    -40.74    -60.63   -126.21    -60.80    157.12    -60.07    -66.40    -60.63   -158.38
 -102.9800    -60.53    -40.14    -60.62   -125.29    -60.81    158.00    -60.06    -65.95    -60.66   -158.13
 -102.0190    -60.54    -39.36    -60.58   -124.51    -60.75    158.44    -60.05    -65.39    -60.69   -157.54
 -100.9910    -60.52    -38.31    -60.52   -123.78    -60.69    158.84    -60.06    -64.76    -60.73   -157.01
 -100.0040    -60.50    -37.43    -60.51   -122.72    -60.63    159.48    -60.05    -64.48    -60.75   -156.65
  -99.0190    -60.49    -36.76    -60.46   -121.94    -60.61    159.85    -60.02    -64.08    -60.85   -156.31
  -98.0170    -60.44    -35.55    -60.40   -121.14    -60.50    160.08    -60.02    -63.40    -60.90   -155.80
  -97.0060    -60.40    -34.69    -60.35   -120.15    -60.41    160.38    -60.02    -63.17    -61.00   -155.24
  -96.0020    -60.39    -33.45    -60.28   -119.59    -60.35    160.66    -60.04    -62.66    -61.06   -154.64
  -94.9900    -60.35    -32.57    -60.19   -119.00    -60.29    160.87    -60.05    -62.36    -61.12   -153.91
  -94.0000    -60.29    -31.57    -60.10   -118.21    -60.23    161.07    -60.05    -61.84    -61.20   -153.27
  -92.9800    -60.25    -30.62    -60.06   -117.79    -60.20    161.62    -60.06    -61.38    -61.26   -152.33
  -92.0170    -60.21    -29.53    -60.02   -117.23    -60.15    161.94    -60.06    -60.93    -61.25   -151.71
  -91.0020    -60.14    -28.99    -59.95   -116.73    -60.10    162.40    -60.05    -60.15    -61.25   -150.91
  -90.0170    -60.12    -28.20    -59.92   -116.24    -60.10    163.12    -60.04    -59.62    -61.21   -150.35
  -89.0050    -60.07    -27.43    -59.89   -115.81    -60.05    163.70    -60.00    -58.66    -61.18   -149.76
  -88.0160    -60.04    -26.83    -59.89   -115.25    -60.05    164.70    -59.95    -57.93    -61.08   -149.40
  -86.9980    -60.00    -26.58    -59.89   -114.96    -60.03    165.81    -59.90    -56.87    -60.97   -149.10
  -86.0080    -59.97    -26.35    -59.89   -114.42    -59.99    166.93    -59.82    -56.02    -60.84   -148.56
  -84.9800    -59.93    -26.11    -59.91   -114.00    -59.96    168.03    -59.77    -55.13    -60.69   -148.31
  -84.0190    -59.89    -25.73    -59.96   -113.75    -59.95    169.10    -59.71    -53.95    -60.56   -147.80
  -82.9800    -59.86    -25.41    -59.98   -113.41    -59.98    170.05    -59.65    -53.06    -60.44   -146.91
  -82.0190    -59.81    -25.11    -59.98   -113.09    -59.99    171.20    -59.61    -52.16    -60.30   -146.24
  -80.9940    -59.78    -24.77    -59.98   -112.63    -60.00    172.08    -59.57    -51.11    -60.19   -145.14
  -80.0180    -59.68    -24.28    -59.97   -112.33    -60.03    173.03    -59.54    -50.12    -60.08   -144.27
  -79.0120    -59.66    -23.79    -59.98   -111.79    -60.05    173.91    -59.53    -49.17    -60.00   -143.05
  -77.9960    -59.60    -23.28    -59.99   -111.55    -60.07    174.74    -59.47    -48.28    -59.90   -142.23
  -77.0000    -59.54    -22.66    -59.98   -111.09    -60.05    175.57    -59.44    -47.53    -59.82   -140.98
  -76.0190    -59.49    -21.92    -59.97   -110.59    -60.07    176.34    -59.40    -46.68    -59.74   -140.05
  -74.9850    -59.43    -21.26    -59.97   -110.12    -60.04    177.07    -59.35    -46.03    -59.66   -139.26
  -74.0180    -59.38    -20.51    -59.97   -109.65    -60.00    177.75    -59.31    -45.24    -59.62   -138.43
  -72.9800    -59.36    -19.62    -59.96   -108.96    -59.96    178.42    -59.25    -44.52    -59.57   -137.77
  -72.0190    -59.31    -18.78    -59.97   -108.74    -59.91    179.23    -59.17    -43.81    -59.50   -137.13
  -70.9810    -59.28    -18.02    -59.92   -108.03    -59.88    179.86    -59.14    -43.15    -59.46   -136.73
  -70.0030    -59.27    -17.08    -59.92   -107.36    -59.77   -179.52    -59.09    -42.67    -59.38   -136.15
  -69.0190    -59.27    -16.41    -59.91   -106.59    -59.70   -178.94    -59.00    -42.03    -59.32   -135.82
  -68.0100    -59.25    -15.60    -59.86   -106.05    -59.61   -178.17    -58.96    -41.60    -59.25   -135.24
  -66.9890    -59.24    -14.96    -59.83   -105.53    -59.51   -177.47    -58.89    -40.92    -59.19   -135.30
  -66.0090    -59.22    -14.11    -59.82   -104.76    -59.42   -176.90    -58.83    -40.65    -59.14   -135.02
  -64.9800    -59.20    -13.56    -59.76   -104.46    -59.34   -176.26    -58.82    -40.10    -59.06   -134.84
  -64.0180    -59.18    -13.18    -59.74   -103.93    -59.30   -175.83    -58.75    -39.80    -59.02   -134.38
  -62.9790    -59.19    -12.74    -59.70   -103.47    -59.21   -175.21    -58.74    -39.20    -58.98   -134.06
  -62.0040    -59.14    -12.54    -59.69   -103.20    -59.19   -174.69    -58.71    -38.77    -58.95   -133.61
  -61.0080    -59.12    -12.20    -59.62   -102.94    -59.15   -174.21    -58.69    -38.24    -58.88   -133.00
  -60.0180    -59.08    -12.00    -59.61   -102.57    -59.14   -173.87    -58.70    -37.87    -58.84   -132.53
  -59.0100    -59.01    -11.99    -59.58   -102.35    -59.10   -173.52    -58.70    -37.28    -58.80   -131.99
  -58.0170    -58.94    -11.77    -59.53   -102.08    -59.10   -173.17    -58.69    -36.96    -58.78   -131.52
  -57.0060    -58.90    -11.48    -59.49   -101.74    -59.08   -172.79    -58.71    -36.38    -58.74   -130.89
  -56.0080    -58.82    -11.51    -59.44   -101.55    -59.09   -172.52    -58.68    -35.88    -58.73   -130.19
  -54.9800    -58.77    -11.23    -59.39   -101.23    -59.06   -172.42    -58.70    -35.62    -58.71   -129.56
  -54.0190    -58.68    -11.06    -59.34   -100.96    -59.06   -172.40    -58.69    -35.13    -58.70   -128.96
  -52.9820    -58.61    -10.92    -59.30   -100.60    -59.05   -172.23    -58.66    -34.59    -58.69   -128.28
  -52.0190    -58.55    -10.44    -59.25   -100.27    -59.01   -172.27    -58.66    -34.28    -58.66   -127.97
  -50.9930    -58.48    -10.15    -59.21    -99.79    -58.98   -172.22    -58.62    -33.98    -58.67   -127.60
  -50.0170    -58.43     -9.72    -59.15    -99.43    -58.92   -172.20    -58.61    -33.60    -58.64   -127.08
  -49.0120    -58.37     -9.29    -59.13    -99.26    -58.89   -172.12    -58.54    -33.38    -58.62   -126.80
  -48.0150    -58.35     -8.94    -59.09    -98.64    -58.83   -172.05    -58.52    -33.01    -58.62   -126.76
  -47.0140    -58.29     -8.43    -59.04    -98.34    -58.79   -172.16    -58.50    -32.79    -58.60   -126.38
  -46.0130    -58.26     -8.07    -59.01    -98.13    -58.73   -172.09    -58.45    -32.51    -58.60   -126.19
  -44.9800    -58.24     -7.73    -58.99    -97.76    -58.70   -172.15    -58.45    -32.26    -58.59   -125.95
  -44.0180    -58.22     -7.36    -58.94    -97.63    -58.64   -172.48    -58.42    -32.07    -58.56   -125.65
  -42.9790    -58.21     -7.09    -58.92    -97.22    -58.61   -172.28    -58.38    -31.76    -58.55   -125.42
  -42.0140    -58.20     -6.81    -58.92    -97.06    -58.57   -172.48    -58.35    -31.56    -58.52   -125.27
  -40.9980    -58.18     -6.60    -58.90    -96.97    -58.52   -172.56    -58.32    -31.38    -58.50   -125.29
  -40.0060    -58.18     -6.49    -58.89    -96.84    -58.45   -172.65    -58.29    -31.27    -58.48   -125.17
  -39.0180    -58.17     -6.38    -58.88    -96.49    -58.39   -172.60    -58.24    -31.20    -58.44   -125.01
  -38.0170    -58.17     -6.24    -58.85    -96.46    -58.35   -172.63    -58.19    -31.14    -58.42   -125.18
  -37.0030    -58.19     -5.96    -58.83    -96.13    -58.27   -172.67    -58.14    -31.19    -58.37   -125.00
  -35.9940    -58.19     -5.78    -58.78    -95.86    -58.20   -172.55    -58.04    -31.20    -58.34   -125.30
  -34.9900    -58.18     -5.68    -58.78    -95.84    -58.14   -172.53    -57.96    -31.39    -58.29   -125.42
  -33.9970    -58.17     -5.56    -58.72    -95.59    -58.06   -172.55    -57.87    -31.44    -58.25   -125.67
  -32.9820    -58.18     -5.53    -58.69    -95.37    -57.99   -172.46    -57.77    -31.61    -58.19   -125.98
  -32.0190    -58.20     -5.47    -58.66    -95.17    -57.96   -172.41    -57.69    -31.61    -58.14   -126.10
  -31.0080    -58.18     -5.36    -58.63    -95.02    -57.89   -172.29    -57.59    -31.66    -58.07   -126.42
  -30.0140    -58.18     -5.65    -58.62    -94.92    -57.83   -172.14    -57.47    -31.73    -58.04   -126.58
  -29.0060    -58.16     -5.62    -58.60    -94.79    -57.80   -172.26    -57.41    -31.82    -57.96   -126.73
  -28.0170    -58.14     -6.06    -58.58    -94.68    -57.76   -172.22    -57.34    -31.81    -57.93   -126.95
  -26.9930    -58.13     -6.31    -58.56    -94.68    -57.76   -172.27    -57.28    -32.03    -57.88   -126.92
  -25.9930    -58.12     -6.61    -58.57    -94.86    -57.72   -172.34    -57.22    -31.95    -57.86   -127.03
  -24.9800    -58.09     -7.12    -58.57    -95.00    -57.72   -172.48    -57.21    -32.07    -57.83   -127.02
  -24.0190    -58.05     -7.66    -58.60    -95.09    -57.71   -172.52    -57.14    -32.10    -57.83   -127.03
  -22.9820    -58.02     -8.21    -58.61    -95.54    -57.72   -172.88    -57.10    -32.13    -57.82   -127.20
  -22.0000    -57.99     -8.73    -58.63    -95.66    -57.72   -173.03    -57.11    -32.38    -57.82   -127.27
  -20.9990    -57.95     -9.14    -58.61    -95.80    -57.72   -173.40    -57.08    -32.56    -57.84   -127.27
  -20.0180    -57.91     -9.66    -58.57    -96.02    -57.72   -173.83    -57.07    -32.78    -57.86   -127.58
  -19.0140    -57.87    -10.16    -58.57    -96.24    -57.71   -174.26    -57.07    -33.25    -57.87   -127.74
  -17.9930    -57.82    -10.44    -58.54    -96.46    -57.71   -174.74    -57.07    -33.59    -57.90   -128.04
  -16.9980    -57.79    -10.92    -58.52    -96.82    -57.69   -175.09    -57.08    -33.78    -57.92   -128.46
  -16.0100    -57.73    -11.23    -58.49    -97.10    -57.68   -175.67    -57.06    -34.12    -57.92   -128.75
  -14.9790    -57.72    -11.63    -58.44    -97.22    -57.68   -176.26    -57.09    -34.71    -57.96   -129.25
  -13.9800    -57.65    -11.99    -58.39    -97.60    -57.67   -176.62    -57.09    -35.08    -57.96   -129.86
  -13.0010    -57.65    -12.19    -58.38    -97.73    -57.65   -177.32    -57.11    -35.66    -58.00   -130.50
  -12.0080    -57.63    -12.42    -58.35    -98.06    -57.62   -177.85    -57.12    -36.15    -58.04   -131.07
  -10.9850    -57.61    -12.79    -58.28    -98.42    -57.61   -178.58    -57.15    -36.57    -58.09   -131.71
  -10.0020    -57.60    -13.05    -58.24    -98.76    -57.58   -179.19    -57.15    -37.44    -58.10   -132.39
   -9.0180    -57.60    -13.33    -58.21    -98.95    -57.55   -179.86    -57.19    -38.04    -58.16   -133.11
   -8.0050    -57.60    -13.65    -58.17    -99.43    -57.52    179.39    -57.23    -38.82    -58.21   -133.72
   -6.9890    -57.59    -13.90    -58.14    -99.83    -57.49    178.74    -57.27    -39.64    -58.28   -134.41
   -6.0000    -57.62    -14.23    -58.10   -100.25    -57.46    178.00    -57.29    -40.46    -58.37   -135.06
   -4.9800    -57.66    -14.50    -58.07   -100.68    -57.44    177.28    -57.35    -41.32    -58.43   -135.63
   -4.0190    -57.66    -14.91    -58.04   -101.29    -57.44    176.61    -57.38    -42.21    -58.48   -136.40
   -2.9790    -57.67    -15.40    -58.03   -101.72    -57.42    175.79    -57.44    -42.92    -58.56   -136.88
   -2.0060    -57.70    -15.78    -58.00   -102.51    -57.41    175.08    -57.49    -43.80    -58.64   -137.41
   -1.0130    -57.71    -16.41    -57.99   -103.09    -57.43    174.40    -57.49    -44.62    -58.67   -138.07
   -0.0190    -57.72    -17.01    -57.97   -103.70    -57.43    173.75    -57.53    -45.24    -58.71   -138.55
    0.9890    -57.72    -17.72    -57.97   -104.27    -57.47    173.20    -57.57    -46.12    -58.70   -139.32
    1.9820    -57.72    -18.44    -57.95   -104.97    -57.49    172.64    -57.58    -46.60    -58.70   -139.92
    2.9900    -57.72    -19.11    -57.98   -105.76    -57.53    172.14    -57.58    -47.11    -58.66   -140.51
    3.9950    -57.71    -20.01    -58.00   -106.58    -57.55    171.75    -57.59    -47.67    -58.61   -141.25
    5.0100    -57.68    -20.66    -58.01   -107.20    -57.60    171.42    -57.59    -48.19    -58.55   -141.83
    5.9800    -57.68    -21.54    -58.03   -107.97    -57.60    171.08    -57.56    -48.41    -58.47   -142.58
    7.0170    -57.67    -22.28    -58.07   -108.65    -57.66    170.64    -57.58    -48.85    -58.43   -142.99
    7.9820    -57.65    -23.07    -58.07   -109.49    -57.72    170.34    -57.56    -49.28    -58.37   -143.63
    9.0050    -57.64    -23.89    -58.10   -110.30    -57.76    169.82    -57.54    -49.86    -58.31   -144.06
    9.9810    -57.63    -24.55    -58.12   -111.13    -57.80    169.28    -57.55    -50.29    -58.26   -144.51
   10.9860    -57.63    -25.28    -58.11   -111.95    -57.86    168.76    -57.53    -50.91    -58.22   -145.00
   11.9860    -57.62    -25.87    -58.13   -112.72    -57.90    168.05    -57.54    -51.54    -58.20   -145.59
   12.9880    -57.59    -26.57    -58.14   -113.64    -57.97    167.40    -57.55    -52.19    -58.18   -145.98
   13.9900    -57.59    -27.16    -58.16   -114.27    -58.03    166.62    -57.53    -52.76    -58.17   -146.55
   15.0190    -57.60    -27.65    -58.18   -115.13    -58.04    165.97    -57.54    -53.43    -58.15   -147.05
   16.0070    -57.61    -28.25    -58.17   -116.09    -58.08    165.19    -57.52    -54.12    -58.16   -147.54
   17.0190    -57.63    -28.84    -58.17   -116.66    -58.14    164.29    -57.54    -54.93    -58.16   -148.11
   17.9800    -57.64    -29.32    -58.19   -117.40    -58.16    163.48    -57.50    -55.68    -58.16   -148.67
   19.0030    -57.66    -29.97    -58.16   -118.28    -58.20    162.62    -57.48    -56.34    -58.14   -149.37
   19.9960    -57.70    -30.49    -58.21   -118.96    -58.21    161.86    -57.49    -57.15    -58.17   -149.92
   20.9810    -57.74    -30.98    -58.22   -119.68    -58.26    161.05    -57.45    -57.82    -58.15   -150.64
   21.9820    -57.78    -31.59    -58.21   -120.39    -58.26    160.30    -57.42    -58.74    -58.13   -151.42
   22.9910    -57.84    -32.18    -58.22   -120.96    -58.29    159.41    -57.42    -59.48    -58.12   -152.16
   24.0060    -57.88    -32.70    -58.24   -121.60    -58.32    158.80    -57.39    -60.18    -58.12   -153.05
   25.0080    -57.95    -33.35    -58.27   -122.42    -58.35    157.90    -57.39    -61.04    -58.13   -153.71
   26.0050    -58.01    -33.96    -58.30   -122.84    -58.35    157.14    -57.36    -61.82    -58.11   -154.42
   27.0190    -58.06    -34.74    -58.30   -123.51    -58.36    156.37    -57.36    -62.55    -58.11   -155.02
   27.9800    -58.13    -35.36    -58.31   -124.25    -58.42    155.52    -57.37    -63.21    -58.12   -155.83
   28.9910    -58.15    -36.02    -58.33   -125.02    -58.47    154.58    -57.40    -64.24    -58.15   -156.69
   29.9920    -58.22    -36.87    -58.33   -125.77    -58.51    153.40    -57.45    -65.16    -58.16   -157.46
   30.9940    -58.26    -37.74    -58.35   -126.71    -58.54    152.47    -57.49    -66.08    -58.18   -158.20
   31.9810    -58.28    -38.43    -58.35   -127.71    -58.60    151.22    -57.54    -67.05    -58.24   -158.88
   33.0050    -58.32    -39.44    -58.36   -128.61    -58.65    150.13    -57.60    -68.11    -58.29   -159.71
   34.0050    -58.34    -40.04    -58.35   -129.47    -58.71    148.92    -57.66    -69.28    -58.32   -160.66
   35.0180    -58.37    -40.89    -58.38   -130.38    -58.74    147.83    -57.77    -70.36    -58.40   -161.32
   35.9810    -58.42    -41.81    -58.37   -131.36    -58.80    146.60    -57.81    -71.45    -58.48   -162.22
   37.0190    -58.43    -42.53    -58.39   -132.39    -58.85    145.51    -57.85    -72.71    -58.55   -163.08
   37.9800    -58.47    -43.22    -58.38   -133.27    -58.89    144.16    -57.93    -73.89    -58.58   -164.04
   39.0000    -58.51    -44.07    -58.41   -134.01    -58.92    143.19    -57.98    -74.87    -58.64   -165.05
   39.9800    -58.56    -44.95    -58.42   -134.88    -58.98    142.17    -58.01    -76.12    -58.69   -166.07
   40.9890    -58.59    -45.70    -58.45   -135.69    -59.01    140.98    -58.06    -77.22    -58.74   -167.15
   42.0090    -58.70    -46.48    -58.47   -136.61    -59.05    140.08    -58.05    -78.46    -58.78   -168.16
   43.0000    -58.74    -47.32    -58.51   -137.24    -59.06    139.24    -58.09    -79.42    -58.82   -169.59
   43.9850    -58.79    -48.07    -58.55   -138.10    -59.10    138.67    -58.09    -80.37    -58.84   -170.74
   45.0190    -58.90    -49.04    -58.59   -138.88    -59.10    137.73    -58.15    -81.32    -58.83   -171.75
   45.9800    -58.96    -49.93    -58.64   -139.75    -59.09    137.00    -58.15    -82.25    -58.86   -173.20
   47.0190    -59.03    -50.70    -58.69   -140.41    -59.12    136.05    -58.18    -83.09    -58.88   -174.30
   47.9800    -59.09    -51.62    -58.71   -141.25    -59.14    135.49    -58.17    -84.15    -58.90   -175.69
   49.0170    -59.17    -52.67    -58.77   -142.25    -59.16    134.74    -58.18    -85.10    -58.90   -176.88
   49.9930    -59.23    -53.52    -58.85   -143.13    -59.18    133.82    -58.24    -86.12    -58.93   -178.13
   50.9810    -59.28    -54.57    -58.90   -144.04    -59.19    133.22    -58.23    -87.02    -58.95   -179.46
   51.9940    -59.32    -55.52    -58.95   -145.04    -59.23    132.26    -58.25    -87.88    -58.97    179.29
   53.0100    -59.41    -56.58    -58.99   -145.96    -59.23    131.67    -58.29    -88.72    -58.99    177.95
   53.9960    -59.47    -57.74    -59.07   -146.97    -59.26    130.83    -58.29    -89.65    -58.99    176.77
   55.0190    -59.56    -58.63    -59.16   -147.67    -59.29    130.19    -58.31    -90.21    -58.99    175.53
   55.9810    -59.62    -59.68    -59.23   -148.56    -59.33    129.75    -58.30    -90.95    -58.94    174.42
   57.0190    -59.69    -60.78    -59.30   -149.31    -59.36    129.24    -58.31    -91.77    -58.93    173.16
   57.9820    -59.80    -61.92    -59.39   -149.97    -59.38    128.73    -58.28    -92.21    -58.90    171.97
   58.9850    -59.87    -62.92    -59.50   -150.84    -59.39    128.36    -58.26    -92.83    -58.86    171.00
   59.9820    -59.92    -64.17    -59.61   -151.48    -59.42    128.03    -58.27    -93.39    -58.83    169.79
   60.9910    -60.04    -65.34    -59.72   -152.13    -59.46    127.46    -58.26    -94.26    -58.78    168.60
   61.9820    -60.10    -66.33    -59.81   -152.71    -59.47    126.76    -58.24    -94.80    -58.74    167.33
   62.9910    -60.17    -67.30    -59.91   -153.52    -59.52    126.19    -58.22    -95.67    -58.72    166.25
   63.9940    -60.27    -68.39    -59.98   -154.02    -59.51    125.50    -58.20    -96.54    -58.72    164.99
   65.0190    -60.35    -69.36    -60.03   -154.66    -59.55    124.82    -58.23    -97.36    -58.74    164.08
   65.9800    -60.36    -70.34    -60.08   -155.28    -59.55    123.92    -58.22    -98.27    -58.73    162.81
   67.0190    -60.43    -71.19    -60.12   -156.01    -59.58    122.88    -58.22    -99.36    -58.77    161.63
   67.9800    -60.44    -71.95    -60.14   -156.67    -59.55    122.00    -58.22   -100.63    -58.80    160.40
   69.0100    -60.46    -72.83    -60.20   -157.44    -59.58    120.84    -58.25   -101.96    -58.84    159.17
   69.9800    -60.45    -73.90    -60.19   -158.42    -59.61    119.38    -58.28   -103.00    -58.90    157.83
   70.9860    -60.43    -74.84    -60.22   -158.99    -59.61    118.25    -58.31   -104.17    -58.95    156.79
   71.9860    -60.41    -75.85    -60.24   -159.90    -59.64    117.13    -58.29   -105.45    -59.01    155.56
   72.9880    -60.41    -76.70    -60.23   -160.67    -59.67    115.88    -58.36   -106.67    -59.08    154.38
   73.9860    -60.39    -77.92    -60.30   -161.72    -59.71    114.66    -58.39   -107.65    -59.14    153.49
   75.0190    -60.32    -78.99    -60.33   -162.68    -59.76    113.54    -58.43   -108.70    -59.22    152.53
   75.9800    -60.29    -80.26    -60.40   -163.84    -59.79    112.33    -58.47   -109.66    -59.25    151.60
   77.0190    -60.25    -81.48    -60.45   -164.79    -59.85    111.27    -58.51   -110.48    -59.32    150.80
   77.9820    -60.22    -82.75    -60.51   -165.93    -59.91    110.27    -58.55   -111.38    -59.39    150.00
   79.0080    -60.18    -84.22    -60.58   -166.85    -59.99    109.31    -58.62   -112.19    -59.42    149.25
   79.9970    -60.18    -85.55    -60.65   -167.95    -60.06    108.39    -58.65   -112.83    -59.49    148.40
   80.9810    -60.15    -86.90    -60.76   -169.02    -60.15    107.50    -58.71   -113.63    -59.54    147.72
   81.9820    -60.15    -88.53    -60.84   -170.11    -60.20    106.54    -58.75   -114.30    -59.58    146.98
   82.9940    -60.13    -89.93    -60.97   -171.16    -60.27    105.54    -58.80   -114.93    -59.62    146.01
   84.0000    -60.15    -91.17    -61.06   -171.97    -60.34    104.65    -58.85   -115.73    -59.67    145.12
   85.0080    -60.15    -92.55    -61.18   -172.89    -60.40    103.96    -58.89   -116.27    -59.72    144.30
   85.9990    -60.17    -93.85    -61.23   -173.77    -60.42    103.03    -58.92   -117.02    -59.76    143.66
   87.0170    -60.22    -94.83    -61.34   -174.45    -60.46    102.15    -58.96   -117.82    -59.82    142.89
   87.9800    -60.24    -96.00    -61.38   -175.43    -60.49    101.12    -58.99   -118.37    -59.86    142.06
   89.0000    -60.25    -96.79    -61.46   -175.81    -60.55    100.30    -59.05   -119.26    -59.91    141.73
   89.9890    -60.29    -97.74    -61.49   -176.48    -60.56     99.35    -59.10   -120.02    -59.97    140.94
   90.9980    -60.31    -98.50    -61.52   -177.53    -60.60     98.56    -59.17   -120.70    -59.99    140.43
   91.9810    -60.35    -98.99    -61.59   -178.23    -60.63     97.76    -59.22   -121.31    -60.00    140.18
   93.0040    -60.37    -99.52    -61.62   -178.98    -60.65     96.70    -59.28   -121.87    -60.05    139.69
   94.0000    -60.40   -100.08    -61.61   -179.29    -60.70     96.02    -59.34   -122.35    -60.05    139.43
   95.0180    -60.43   -100.45    -61.65   -179.88    -60.70     95.41    -59.38   -122.81    -60.09    139.17
   95.9810    -60.45   -100.65    -61.65    179.43    -60.72     94.67    -59.41   -123.47    -60.10    138.92
   97.0190    -60.50   -101.24    -61.66    179.14    -60.74     94.13    -59.47   -123.76    -60.12    138.72
   97.9800    -60.56   -101.35    -61.74    178.74    -60.75     93.54    -59.45   -124.12    -60.11    138.57
   99.0100    -60.63   -101.60    -61.71    178.67    -60.75     92.90    -59.48   -124.50    -60.10    138.35
   99.9800    -60.68   -101.97    -61.74    178.76    -60.75     92.29    -59.50   -125.18    -60.14    137.97
  100.9940    -60.78   -102.27    -61.74    178.54    -60.74     91.76    -59.51   -125.54    -60.12    137.73
  102.0050    -60.86   -102.45    -61.79    178.48    -60.74     91.19    -59.51   -125.92    -60.15    137.62
  103.0090    -60.95   -102.82    -61.83    178.17    -60.74     90.91    -59.51   -126.16    -60.14    137.39
  103.9810    -61.03   -103.40    -61.84    177.99    -60.77     90.65    -59.51   -126.48    -60.12    137.34
  105.0190    -61.15   -103.60    -61.88    177.89    -60.79     90.19    -59.51   -126.78    -60.12    137.17
  105.9800    -61.23   -104.08    -61.95    177.64    -60.81     89.95    -59.51   -126.80    -60.13    137.12
  107.0190    -61.29   -104.67    -61.99    177.35    -60.85     89.75    -59.54   -126.99    -60.12    137.25
  107.9820    -61.40   -105.38    -62.05    176.80    -60.91     89.19    -59.54   -127.29    -60.13    137.35
  109.0190    -61.49   -106.02    -62.07    176.29    -60.95     89.05    -59.55   -127.27    -60.12    137.51
  109.9800    -61.60   -106.78    -62.11    175.85    -61.00     88.75    -59.63   -127.49    -60.16    137.89
  110.9810    -61.64   -107.38    -62.17    175.16    -61.04     88.38    -59.65   -127.60    -60.17    138.30
  111.9870    -61.76   -108.13    -62.18    174.75    -61.12     88.02    -59.74   -127.72    -60.20    138.84
  113.0100    -61.80   -108.78    -62.22    174.03    -61.20     87.40    -59.81   -127.95    -60.25    139.47
  113.9910    -61.87   -109.07    -62.22    173.43    -61.27     87.22    -59.83   -128.00    -60.24    140.03
  115.0190    -61.89   -109.49    -62.23    173.03    -61.29     86.96    -59.91   -128.30    -60.30    140.28
  115.9810    -61.93   -109.95    -62.19    172.38    -61.35     86.20    -59.95   -128.55    -60.37    140.67
  117.0190    -62.00   -110.04    -62.16    171.95    -61.41     85.99    -59.98   -128.80    -60.39    141.10
  117.9800    -62.03   -110.45    -62.09    171.36    -61.42     85.40    -60.04   -129.25    -60.43    141.37
  118.9860    -62.08   -110.42    -62.06    171.09    -61.39     84.89    -60.06   -129.69    -60.49    141.88
  119.9800    -62.08   -110.54    -61.99    170.74    -61.39     84.47    -60.10   -130.33    -60.58    141.86
  120.9940    -62.11   -110.26    -61.90    170.45    -61.35     83.58    -60.11   -131.07    -60.59    141.85
  121.9810    -62.07   -110.11    -61.81    170.19    -61.33     83.15    -60.13   -131.63    -60.67    142.02
  122.9890    -62.09   -109.92    -61.74    169.98    -61.25     82.64    -60.13   -132.39    -60.69    141.87
  123.9890    -62.06   -109.91    -61.67    170.05    -61.24     82.08    -60.10   -132.73    -60.76    141.92
  125.0190    -62.07   -109.64    -61.59    169.65    -61.18     81.74    -60.12   -133.20    -60.80    141.97
  125.9810    -62.07   -109.53    -61.55    169.29    -61.17     81.46    -60.12   -133.82    -60.84    141.90
  127.0190    -62.05   -109.89    -61.51    169.31    -61.16     81.12    -60.13   -134.08    -60.83    142.24
  127.9820    -62.04   -109.66    -61.49    168.91    -61.16     80.78    -60.11   -134.35    -60.87    142.33
  129.0140    -62.02   -110.00    -61.48    168.86    -61.14     80.57    -60.13   -134.53    -60.89    142.76
  129.9810    -61.98   -110.17    -61.50    168.41    -61.15     80.58    -60.15   -134.52    -60.88    142.83
  130.9880    -61.94   -110.57    -61.49    168.21    -61.20     80.49    -60.17   -134.61    -60.84    143.38
  131.9860    -61.95   -110.62    -61.49    167.97    -61.18     80.43    -60.14   -134.33    -60.83    143.62
  132.9880    -61.96   -110.81    -61.56    167.98    -61.20     80.80    -60.13   -134.14    -60.80    143.93
  133.9810    -61.94   -111.35    -61.56    167.85    -61.23     80.96    -60.09   -133.76    -60.72    144.17
  135.0190    -61.92   -111.48    -61.62    167.74    -61.24     81.31    -60.08   -133.45    -60.71    144.39
  135.9800    -61.95   -111.66    -61.65    167.81    -61.23     81.79    -60.04   -133.14    -60.60    144.56
  137.0190    -61.91   -111.79    -61.71    167.68    -61.26     82.11    -60.01   -132.66    -60.54    144.64
  137.9830    -61.88   -111.92    -61.71    167.82    -61.23     82.71    -59.93   -132.31    -60.46    144.49
  139.0140    -61.90   -111.89    -61.73    168.07    -61.22     83.09    -59.86   -131.92    -60.39    144.53
  139.9950    -61.89   -111.76    -61.75    168.06    -61.19     83.70    -59.83   -131.51    -60.29    144.30
  140.9810    -61.87   -111.77    -61.76    168.22    -61.17     84.40    -59.76   -131.16    -60.22    144.20
  141.9810    -61.86   -111.63    -61.77    168.50    -61.14     85.10    -59.67   -130.50    -60.16    144.25
  142.9940    -61.84   -111.67    -61.81    168.78    -61.08     85.59    -59.63   -130.04    -60.07    144.05
  143.9940    -61.77   -111.48    -61.80    168.71    -61.10     86.14    -59.58   -129.45    -59.98    144.27
  145.0080    -61.79   -111.42    -61.83    168.82    -61.07     87.12    -59.52   -129.21    -59.91    144.20
  145.9990    -61.74   -111.48    -61.89    169.23    -61.08     87.69    -59.49   -128.38    -59.83    144.23
  147.0190    -61.74   -111.39    -61.92    169.45    -61.10     88.21    -59.42   -128.02    -59.75    144.32
  147.9800    -61.67   -111.27    -61.97    169.58    -61.10     89.16    -59.36   -127.32    -59.65    144.41
  148.9960    -61.69   -111.38    -62.02    169.65    -61.08     89.68    -59.33   -126.62    -59.58    144.73
  149.9840    -61.66   -111.33    -62.06    170.04    -61.07     90.37    -59.26   -126.03    -59.47    144.66
  151.0030    -61.66   -111.26    -62.10    170.54    -61.09     91.11    -59.20   -125.39    -59.40    144.82
  151.9810    -61.62   -110.93    -62.11    170.88    -61.05     91.78    -59.15   -125.01    -59.30    144.79
  153.0040    -61.61   -110.82    -62.13    171.48    -60.99     92.29    -59.09   -124.36    -59.23    144.90
  154.0030    -61.60   -110.47    -62.10    171.81    -60.97     92.99    -59.05   -124.03    -59.16    145.12
  155.0190    -61.54   -109.92    -62.09    172.20    -60.92     93.33    -59.01   -123.86    -59.12    145.01
  155.9890    -61.51   -109.48    -62.03    173.01    -60.87     93.49    -58.97   -123.70    -59.12    144.93
  157.0190    -61.44   -109.08    -61.97    173.43    -60.85     93.91    -58.90   -123.45    -59.07    144.98
  157.9800    -61.41   -108.56    -61.92    173.64    -60.80     93.92    -58.89   -123.31    -59.06    145.02
  159.0110    -61.28   -108.06    -61.85    173.96    -60.76     93.86    -58.85   -123.22    -59.05    145.15
  159.9800    -61.23   -107.57    -61.78    174.24    -60.75     94.25    -58.83   -123.13    -59.04    145.36
  160.9940    -61.10   -106.95    -61.68    174.52    -60.70     93.98    -58.84   -122.98    -59.09    145.71
  162.0030    -61.01   -106.67    -61.62    174.51    -60.74     93.93    -58.86   -123.12    -59.08    146.13
  163.0090    -60.88   -106.29    -61.56    174.64    -60.79     94.11    -58.87   -122.76    -59.11    146.61
  163.9810    -60.75   -106.25    -61.49    174.43    -60.80     93.96    -58.91   -122.70    -59.15    147.18
  165.0190    -60.62   -106.12    -61.44    174.34    -60.90     93.95    -58.97   -122.29    -59.19    147.74
  165.9810    -60.52   -106.14    -61.42    173.97    -60.93     94.11    -58.99   -121.82    -59.19    148.48
  167.0190    -60.42   -105.95    -61.39    173.79    -61.03     93.99    -59.07   -121.37    -59.20    149.23
  167.9800    -60.30   -106.20    -61.38    173.53    -61.12     94.36    -59.11   -120.99    -59.20    149.90
  169.0190    -60.19   -106.33    -61.41    173.49    -61.21     94.62    -59.15   -120.35    -59.21    150.71
  169.9800    -60.12   -106.48    -61.41    173.26    -61.29     94.99    -59.20   -119.73    -59.22    151.45
  170.9810    -60.07   -106.68    -61.48    173.05    -61.38     95.49    -59.26   -118.73    -59.22    152.10
  171.9860    -60.02   -106.78    -61.52    173.22    -61.45     96.09    -59.26   -118.27    -59.20    152.80
  173.0120    -60.02   -107.01    -61.56    173.36    -61.49     96.54    -59.26   -117.49    -59.19    153.35
  173.9950    -60.00   -107.10    -61.63    173.73    -61.54     97.31    -59.29   -116.87    -59.19    153.94
  175.0190    -60.00   -107.11    -61.70    174.08    -61.58     97.94    -59.30   -116.38    -59.18    154.32
  175.9910    -60.02   -106.96    -61.75    174.61    -61.59     98.49    -59.31   -115.66    -59.16    155.07
  177.0190    -60.03   -106.85    -61.79    175.09    -61.64     99.35    -59.31   -114.94    -59.17    155.51
  177.9800    -60.07   -106.68    -61.84    175.93    -61.62    100.19    -59.28   -114.39    -59.15    156.07
  178.9860    -60.10   -106.34    -61.85    176.68    -61.62    100.72    -59.33   -113.59    -59.15    156.66
  179.9800    -60.17   -105.90    -61.86    177.44    -61.63    101.24    -59.31   -113.00    -59.11    157.43
