Elev. [deg.]  Azim. [deg.]  Abs(Grlz)[dBi   ]   Abs(Cross)[dBi   ]  Phase(Cross)[deg.]  Abs(Copol)[dBi   ]  Phase(Copol)[deg.]  Ax.Ratio[dB    ]    
------------------------------------------------------------------------------------------------------------------------------------------------------
 -90.000          10.000            4.643e-01          -1.474e+01             152.056           3.314e-01             332.057           4.000e+01     
 -89.000          10.000            4.630e-01          -1.474e+01             152.106           3.300e-01             332.193           4.000e+01     
 -88.000          10.000            4.588e-01          -1.474e+01             152.156           3.257e-01             332.330           4.000e+01     
 -87.000          10.000            4.518e-01          -1.474e+01             152.206           3.185e-01             332.466           4.000e+01     
 -86.000          10.000            4.419e-01          -1.475e+01             152.256           3.083e-01             332.602           4.000e+01     
 -85.000          10.000            4.290e-01          -1.475e+01             152.306           2.952e-01             332.737           4.000e+01     
 -84.000          10.000            4.133e-01          -1.475e+01             152.356           2.791e-01             332.871           4.000e+01     
 -83.000          10.000            3.947e-01          -1.476e+01             152.406           2.600e-01             333.005           4.000e+01     
 -82.000          10.000            3.732e-01          -1.476e+01             152.455           2.380e-01             333.138           4.000e+01     
 -81.000          10.000            3.488e-01          -1.477e+01             152.504           2.130e-01             333.271           4.000e+01     
 -80.000          10.000            3.215e-01          -1.478e+01             152.553           1.850e-01             333.403           4.000e+01     
 -79.000          10.000            2.912e-01          -1.478e+01             152.602           1.540e-01             333.534           4.000e+01     
 -78.000          10.000            2.580e-01          -1.479e+01             152.650           1.200e-01             333.664           4.000e+01     
 -77.000          10.000            2.218e-01          -1.480e+01             152.698           8.296e-02             333.793           4.000e+01     
 -76.000          10.000            1.826e-01          -1.481e+01             152.745           4.286e-02             333.922           4.000e+01     
 -75.000          10.000            1.405e-01          -1.482e+01             152.792          -3.095e-04             334.049           4.000e+01     
 -74.000          10.000            9.532e-02          -1.483e+01             152.838          -4.657e-02             334.176           4.000e+01     
 -73.000          10.000            4.714e-02          -1.485e+01             152.884          -9.595e-02             334.301           4.000e+01     
 -72.000          10.000           -4.093e-03          -1.486e+01             152.929          -1.485e-01             334.426           4.000e+01     
 -71.000          10.000           -5.840e-02          -1.487e+01             152.974          -2.042e-01             334.549           4.000e+01     
 -70.000          10.000           -1.158e-01          -1.489e+01             153.017          -2.630e-01             334.671           4.000e+01     
 -69.000          10.000           -1.763e-01          -1.490e+01             153.060          -3.251e-01             334.792           4.000e+01     
 -68.000          10.000           -2.400e-01          -1.492e+01             153.102          -3.905e-01             334.912           4.000e+01     
 -67.000          10.000           -3.069e-01          -1.493e+01             153.144          -4.592e-01             335.031           4.000e+01     
 -66.000          10.000           -3.770e-01          -1.495e+01             153.184          -5.312e-01             335.148           4.000e+01     
 -65.000          10.000           -4.503e-01          -1.497e+01             153.224          -6.065e-01             335.264           4.000e+01     
 -64.000          10.000           -5.269e-01          -1.499e+01             153.263          -6.853e-01             335.378           4.000e+01     
 -63.000          10.000           -6.068e-01          -1.501e+01             153.301          -7.675e-01             335.491           4.000e+01     
 -62.000          10.000           -6.902e-01          -1.502e+01             153.338          -8.533e-01             335.603           4.000e+01     
 -61.000          10.000           -7.769e-01          -1.504e+01             153.374          -9.426e-01             335.713           4.000e+01     
 -60.000          10.000           -8.671e-01          -1.506e+01             153.409          -1.036e+00             335.821           4.000e+01     
 -59.000          10.000           -9.608e-01          -1.508e+01             153.443          -1.132e+00             335.928           4.000e+01     
 -58.000          10.000           -1.058e+00          -1.511e+01             153.476          -1.233e+00             336.033           4.000e+01     
 -57.000          10.000           -1.159e+00          -1.513e+01             153.508          -1.337e+00             336.137           4.000e+01     
 -56.000          10.000           -1.264e+00          -1.515e+01             153.539          -1.445e+00             336.238           4.000e+01     
 -55.000          10.000           -1.372e+00          -1.517e+01             153.569          -1.557e+00             336.338           4.000e+01     
 -54.000          10.000           -1.484e+00          -1.519e+01             153.598          -1.673e+00             336.436           4.000e+01     
 -53.000          10.000           -1.600e+00          -1.522e+01             153.626          -1.793e+00             336.532           3.971e+01     
 -52.000          10.000           -1.720e+00          -1.524e+01             153.653          -1.918e+00             336.626           3.942e+01     
 -51.000          10.000           -1.844e+00          -1.526e+01             153.679          -2.046e+00             336.718           3.913e+01     
 -50.000          10.000           -1.972e+00          -1.529e+01             153.704          -2.180e+00             336.808           3.885e+01     
 -49.000          10.000           -2.105e+00          -1.531e+01             153.727          -2.318e+00             336.896           3.857e+01     
 -48.000          10.000           -2.242e+00          -1.533e+01             153.750          -2.460e+00             336.981           3.829e+01     
 -47.000          10.000           -2.383e+00          -1.536e+01             153.771          -2.608e+00             337.064           3.802e+01     
 -46.000          10.000           -2.529e+00          -1.538e+01             153.792          -2.760e+00             337.145           3.774e+01     
 -45.000          10.000           -2.679e+00          -1.541e+01             153.811          -2.917e+00             337.223           3.747e+01     
 -44.000          10.000           -2.835e+00          -1.543e+01             153.830          -3.080e+00             337.299           3.720e+01     
 -43.000          10.000           -2.995e+00          -1.546e+01             153.847          -3.249e+00             337.372           3.694e+01     
 -42.000          10.000           -3.160e+00          -1.548e+01             153.864          -3.423e+00             337.443           3.667e+01     
 -41.000          10.000           -3.331e+00          -1.550e+01             153.879          -3.603e+00             337.511           3.641e+01     
 -40.000          10.000           -3.507e+00          -1.553e+01             153.894          -3.789e+00             337.576           3.615e+01     
 -39.000          10.000           -3.689e+00          -1.555e+01             153.907          -3.981e+00             337.638           3.589e+01     
 -38.000          10.000           -3.876e+00          -1.558e+01             153.920          -4.180e+00             337.697           3.563e+01     
 -37.000          10.000           -4.070e+00          -1.560e+01             153.931          -4.386e+00             337.753           3.537e+01     
 -36.000          10.000           -4.269e+00          -1.562e+01             153.942          -4.599e+00             337.805           3.511e+01     
 -35.000          10.000           -4.475e+00          -1.565e+01             153.952          -4.820e+00             337.855           3.486e+01     
 -34.000          10.000           -4.688e+00          -1.567e+01             153.961          -5.049e+00             337.900           3.460e+01     
 -33.000          10.000           -4.908e+00          -1.569e+01             153.970          -5.286e+00             337.942           3.435e+01     
 -32.000          10.000           -5.135e+00          -1.571e+01             153.977          -5.533e+00             337.980           3.410e+01     
 -31.000          10.000           -5.369e+00          -1.574e+01             153.984          -5.788e+00             338.014           3.385e+01     
 -30.000          10.000           -5.612e+00          -1.576e+01             153.990          -6.053e+00             338.044           3.360e+01     
 -29.000          10.000           -5.862e+00          -1.578e+01             153.996          -6.329e+00             338.069           3.335e+01     
 -28.000          10.000           -6.122e+00          -1.580e+01             154.001          -6.616e+00             338.089           3.311e+01     
 -27.000          10.000           -6.390e+00          -1.582e+01             154.005          -6.915e+00             338.105           3.287e+01     
 -26.000          10.000           -6.667e+00          -1.584e+01             154.009          -7.227e+00             338.115           3.263e+01     
 -25.000          10.000           -6.954e+00          -1.586e+01             154.012          -7.552e+00             338.119           3.240e+01     
 -24.000          10.000           -7.252e+00          -1.588e+01             154.015          -7.892e+00             338.117           3.217e+01     
 -23.000          10.000           -7.560e+00          -1.590e+01             154.017          -8.249e+00             338.108           3.195e+01     
 -22.000          10.000           -7.879e+00          -1.592e+01             154.019          -8.622e+00             338.091           3.175e+01     
 -21.000          10.000           -8.210e+00          -1.593e+01             154.020          -9.014e+00             338.066           3.155e+01     
 -20.000          10.000           -8.553e+00          -1.595e+01             154.021          -9.427e+00             338.033           3.137e+01     
 -19.000          10.000           -8.909e+00          -1.596e+01             154.022          -9.862e+00             337.989           3.120e+01     
 -18.000          10.000           -9.278e+00          -1.598e+01             154.022          -1.032e+01             337.933           3.106e+01     
 -17.000          10.000           -9.660e+00          -1.599e+01             154.022          -1.081e+01             337.865           3.095e+01     
 -16.000          10.000           -1.006e+01          -1.601e+01             154.022          -1.133e+01             337.781           3.088e+01     
 -15.000          10.000           -1.047e+01          -1.602e+01             154.022          -1.188e+01             337.680           3.087e+01     
 -14.000          10.000           -1.089e+01          -1.603e+01             154.021          -1.248e+01             337.557           3.092e+01     
 -13.000          10.000           -1.133e+01          -1.604e+01             154.021          -1.312e+01             337.410           3.106e+01     
 -12.000          10.000           -1.178e+01          -1.605e+01             154.020          -1.381e+01             337.231           3.134e+01     
 -11.000          10.000           -1.224e+01          -1.606e+01             154.019          -1.456e+01             337.014           3.178e+01     
 -10.000          10.000           -1.271e+01          -1.607e+01             154.018          -1.539e+01             336.746           3.249e+01     
  -9.000          10.000           -1.318e+01          -1.608e+01             154.017          -1.631e+01             336.413           3.359e+01     
  -8.000          10.000           -1.366e+01          -1.609e+01             154.016          -1.733e+01             335.991           3.536e+01     
  -7.000          10.000           -1.412e+01          -1.610e+01             154.015          -1.850e+01             335.440           3.843e+01     
  -6.000          10.000           -1.457e+01          -1.610e+01             154.014          -1.984e+01             334.700           4.000e+01     
  -5.000          10.000           -1.499e+01          -1.611e+01             154.013          -2.144e+01             333.656           4.000e+01     
  -4.000          10.000           -1.536e+01          -1.611e+01             154.012          -2.339e+01             332.081           3.822e+01     
  -3.000          10.000           -1.568e+01          -1.611e+01             154.011          -2.590e+01             329.443           3.263e+01     
  -2.000          10.000           -1.591e+01          -1.611e+01             154.010          -2.939e+01             324.172           2.901e+01     
  -1.000          10.000           -1.606e+01          -1.612e+01             154.009          -3.491e+01             309.146           2.642e+01     
   0.000          10.000           -1.610e+01          -1.612e+01             154.008          -4.059e+01             238.896           2.451e+01     
   1.000          10.000           -1.604e+01          -1.611e+01             154.007          -3.352e+01             185.605           2.313e+01     
   2.000          10.000           -1.587e+01          -1.611e+01             154.007          -2.856e+01             174.025           2.218e+01     
   3.000          10.000           -1.562e+01          -1.611e+01             154.006          -2.532e+01             169.533           2.158e+01     
   4.000          10.000           -1.529e+01          -1.611e+01             154.005          -2.295e+01             167.169           2.126e+01     
   5.000          10.000           -1.491e+01          -1.610e+01             154.004          -2.108e+01             165.709           2.117e+01     
   6.000          10.000           -1.448e+01          -1.610e+01             154.004          -1.955e+01             164.713           2.124e+01     
   7.000          10.000           -1.403e+01          -1.609e+01             154.003          -1.824e+01             163.985           2.144e+01     
   8.000          10.000           -1.356e+01          -1.609e+01             154.002          -1.711e+01             163.428           2.174e+01     
   9.000          10.000           -1.308e+01          -1.608e+01             154.001          -1.611e+01             162.983           2.210e+01     
  10.000          10.000           -1.261e+01          -1.607e+01             154.000          -1.521e+01             162.617           2.250e+01     
  11.000          10.000           -1.214e+01          -1.606e+01             153.999          -1.440e+01             162.309           2.294e+01     
  12.000          10.000           -1.168e+01          -1.605e+01             153.998          -1.366e+01             162.042           2.339e+01     
  13.000          10.000           -1.123e+01          -1.604e+01             153.997          -1.298e+01             161.808           2.385e+01     
  14.000          10.000           -1.080e+01          -1.603e+01             153.996          -1.235e+01             161.599           2.431e+01     
  15.000          10.000           -1.038e+01          -1.601e+01             153.994          -1.176e+01             161.409           2.478e+01     
  16.000          10.000           -9.969e+00          -1.600e+01             153.992          -1.121e+01             161.234           2.524e+01     
  17.000          10.000           -9.575e+00          -1.599e+01             153.990          -1.070e+01             161.072           2.570e+01     
  18.000          10.000           -9.196e+00          -1.597e+01             153.988          -1.022e+01             160.920           2.615e+01     
  19.000          10.000           -8.829e+00          -1.596e+01             153.985          -9.764e+00             160.776           2.659e+01     
  20.000          10.000           -8.476e+00          -1.594e+01             153.982          -9.334e+00             160.639           2.702e+01     
  21.000          10.000           -8.135e+00          -1.593e+01             153.979          -8.925e+00             160.506           2.745e+01     
  22.000          10.000           -7.806e+00          -1.591e+01             153.975          -8.537e+00             160.378           2.787e+01     
  23.000          10.000           -7.489e+00          -1.589e+01             153.971          -8.167e+00             160.254           2.828e+01     
  24.000          10.000           -7.183e+00          -1.587e+01             153.966          -7.814e+00             160.132           2.869e+01     
  25.000          10.000           -6.888e+00          -1.585e+01             153.961          -7.477e+00             160.013           2.908e+01     
  26.000          10.000           -6.602e+00          -1.583e+01             153.955          -7.154e+00             159.896           2.948e+01     
  27.000          10.000           -6.327e+00          -1.581e+01             153.949          -6.845e+00             159.779           2.986e+01     
  28.000          10.000           -6.060e+00          -1.579e+01             153.942          -6.549e+00             159.664           3.024e+01     
  29.000          10.000           -5.803e+00          -1.577e+01             153.934          -6.264e+00             159.550           3.061e+01     
  30.000          10.000           -5.554e+00          -1.575e+01             153.926          -5.990e+00             159.436           3.098e+01     
  31.000          10.000           -5.313e+00          -1.573e+01             153.917          -5.727e+00             159.323           3.134e+01     
  32.000          10.000           -5.080e+00          -1.571e+01             153.907          -5.473e+00             159.209           3.170e+01     
  33.000          10.000           -4.855e+00          -1.568e+01             153.897          -5.229e+00             159.096           3.206e+01     
  34.000          10.000           -4.636e+00          -1.566e+01             153.885          -4.994e+00             158.982           3.241e+01     
  35.000          10.000           -4.425e+00          -1.564e+01             153.873          -4.766e+00             158.868           3.275e+01     
  36.000          10.000           -4.220e+00          -1.562e+01             153.860          -4.547e+00             158.754           3.310e+01     
  37.000          10.000           -4.022e+00          -1.559e+01             153.846          -4.336e+00             158.640           3.344e+01     
  38.000          10.000           -3.830e+00          -1.557e+01             153.831          -4.131e+00             158.524           3.378e+01     
  39.000          10.000           -3.644e+00          -1.555e+01             153.815          -3.934e+00             158.409           3.412e+01     
  40.000          10.000           -3.463e+00          -1.552e+01             153.798          -3.743e+00             158.292           3.445e+01     
  41.000          10.000           -3.289e+00          -1.550e+01             153.780          -3.558e+00             158.176           3.479e+01     
  42.000          10.000           -3.119e+00          -1.547e+01             153.762          -3.380e+00             158.058           3.512e+01     
  43.000          10.000           -2.955e+00          -1.545e+01             153.742          -3.207e+00             157.940           3.545e+01     
  44.000          10.000           -2.796e+00          -1.543e+01             153.721          -3.040e+00             157.820           3.579e+01     
  45.000          10.000           -2.642e+00          -1.540e+01             153.699          -2.879e+00             157.701           3.612e+01     
  46.000          10.000           -2.493e+00          -1.538e+01             153.676          -2.722e+00             157.580           3.645e+01     
  47.000          10.000           -2.348e+00          -1.536e+01             153.652          -2.571e+00             157.459           3.679e+01     
  48.000          10.000           -2.208e+00          -1.533e+01             153.627          -2.425e+00             157.337           3.712e+01     
  49.000          10.000           -2.073e+00          -1.531e+01             153.600          -2.284e+00             157.214           3.745e+01     
  50.000          10.000           -1.942e+00          -1.528e+01             153.573          -2.148e+00             157.090           3.779e+01     
  51.000          10.000           -1.815e+00          -1.526e+01             153.545          -2.016e+00             156.966           3.813e+01     
  52.000          10.000           -1.692e+00          -1.524e+01             153.515          -1.888e+00             156.841           3.847e+01     
  53.000          10.000           -1.573e+00          -1.522e+01             153.485          -1.765e+00             156.715           3.882e+01     
  54.000          10.000           -1.458e+00          -1.519e+01             153.453          -1.646e+00             156.589           3.916e+01     
  55.000          10.000           -1.348e+00          -1.517e+01             153.420          -1.531e+00             156.462           3.951e+01     
  56.000          10.000           -1.241e+00          -1.515e+01             153.387          -1.421e+00             156.334           3.987e+01     
  57.000          10.000           -1.137e+00          -1.513e+01             153.352          -1.314e+00             156.205           4.000e+01     
  58.000          10.000           -1.038e+00          -1.511e+01             153.316          -1.211e+00             156.076           4.000e+01     
  59.000          10.000           -9.418e-01          -1.509e+01             153.279          -1.112e+00             155.947           4.000e+01     
  60.000          10.000           -8.495e-01          -1.507e+01             153.241          -1.017e+00             155.816           4.000e+01     
  61.000          10.000           -7.607e-01          -1.505e+01             153.202          -9.256e-01             155.686           4.000e+01     
  62.000          10.000           -6.754e-01          -1.503e+01             153.163          -8.377e-01             155.554           4.000e+01     
  63.000          10.000           -5.934e-01          -1.501e+01             153.122          -7.534e-01             155.422           4.000e+01     
  64.000          10.000           -5.149e-01          -1.499e+01             153.080          -6.726e-01             155.290           4.000e+01     
  65.000          10.000           -4.397e-01          -1.498e+01             153.038          -5.953e-01             155.157           4.000e+01     
  66.000          10.000           -3.679e-01          -1.496e+01             152.994          -5.214e-01             155.024           4.000e+01     
  67.000          10.000           -2.992e-01          -1.494e+01             152.950          -4.509e-01             154.891           4.000e+01     
  68.000          10.000           -2.339e-01          -1.493e+01             152.905          -3.837e-01             154.757           4.000e+01     
  69.000          10.000           -1.717e-01          -1.491e+01             152.859          -3.199e-01             154.623           4.000e+01     
  70.000          10.000           -1.127e-01          -1.490e+01             152.813          -2.593e-01             154.488           4.000e+01     
  71.000          10.000           -5.678e-02          -1.489e+01             152.765          -2.020e-01             154.353           4.000e+01     
  72.000          10.000           -4.024e-03          -1.487e+01             152.717          -1.479e-01             154.218           4.000e+01     
  73.000          10.000            4.564e-02          -1.486e+01             152.669          -9.699e-02             154.083           4.000e+01     
  74.000          10.000            9.225e-02          -1.485e+01             152.620          -4.922e-02             153.948           4.000e+01     
  75.000          10.000            1.358e-01          -1.484e+01             152.570          -4.575e-03             153.813           4.000e+01     
  76.000          10.000            1.763e-01          -1.483e+01             152.520           3.695e-02             153.677           4.000e+01     
  77.000          10.000            2.139e-01          -1.482e+01             152.470           7.540e-02             153.542           4.000e+01     
  78.000          10.000            2.484e-01          -1.481e+01             152.419           1.108e-01             153.406           4.000e+01     
  79.000          10.000            2.799e-01          -1.480e+01             152.367           1.431e-01             153.270           4.000e+01     
  80.000          10.000            3.085e-01          -1.480e+01             152.315           1.724e-01             153.135           4.000e+01     
  81.000          10.000            3.342e-01          -1.479e+01             152.263           1.986e-01             153.000           4.000e+01     
  82.000          10.000            3.569e-01          -1.479e+01             152.211           2.219e-01             152.864           4.000e+01     
  83.000          10.000            3.766e-01          -1.478e+01             152.159           2.421e-01             152.729           4.000e+01     
  84.000          10.000            3.935e-01          -1.478e+01             152.106           2.594e-01             152.594           4.000e+01     
  85.000          10.000            4.074e-01          -1.477e+01             152.054           2.737e-01             152.460           4.000e+01     
  86.000          10.000            4.184e-01          -1.477e+01             152.001           2.850e-01             152.325           4.000e+01     
  87.000          10.000            4.265e-01          -1.477e+01             151.948           2.933e-01             152.191           4.000e+01     
  88.000          10.000            4.318e-01          -1.477e+01             151.896           2.987e-01             152.057           4.000e+01     
  89.000          10.000            4.341e-01          -1.477e+01             151.843           3.011e-01             151.924           4.000e+01     
  90.000          10.000            4.335e-01          -1.477e+01             151.791           3.006e-01             151.792           4.000e+01     
  89.000         190.000            4.301e-01          -1.478e+01             331.740           2.971e-01             331.659           4.000e+01     
  88.000         190.000            4.237e-01          -1.478e+01             331.688           2.906e-01             331.527           4.000e+01     
  87.000         190.000            4.145e-01          -1.478e+01             331.636           2.812e-01             331.396           4.000e+01     
  86.000         190.000            4.023e-01          -1.479e+01             331.585           2.688e-01             331.265           4.000e+01     
  85.000         190.000            3.873e-01          -1.479e+01             331.534           2.535e-01             331.135           4.000e+01     
  84.000         190.000            3.693e-01          -1.480e+01             331.484           2.352e-01             331.005           4.000e+01     
  83.000         190.000            3.485e-01          -1.481e+01             331.434           2.139e-01             330.877           4.000e+01     
  82.000         190.000            3.247e-01          -1.481e+01             331.384           1.896e-01             330.749           4.000e+01     
  81.000         190.000            2.980e-01          -1.482e+01             331.336           1.623e-01             330.621           4.000e+01     
  80.000         190.000            2.684e-01          -1.483e+01             331.287           1.320e-01             330.495           4.000e+01     
  79.000         190.000            2.358e-01          -1.484e+01             331.240           9.873e-02             330.369           4.000e+01     
  78.000         190.000            2.002e-01          -1.485e+01             331.193           6.239e-02             330.245           4.000e+01     
  77.000         190.000            1.617e-01          -1.486e+01             331.147           2.300e-02             330.121           4.000e+01     
  76.000         190.000            1.202e-01          -1.488e+01             331.102          -1.945e-02             329.998           4.000e+01     
  75.000         190.000            7.566e-02          -1.489e+01             331.058          -6.500e-02             329.876           4.000e+01     
  74.000         190.000            2.811e-02          -1.490e+01             331.014          -1.136e-01             329.756           4.000e+01     
  73.000         190.000           -2.247e-02          -1.492e+01             330.971          -1.654e-01             329.636           4.000e+01     
  72.000         190.000           -7.612e-02          -1.494e+01             330.930          -2.204e-01             329.518           4.000e+01     
  71.000         190.000           -1.329e-01          -1.495e+01             330.889          -2.785e-01             329.401           4.000e+01     
  70.000         190.000           -1.927e-01          -1.497e+01             330.849          -3.398e-01             329.285           4.000e+01     
  69.000         190.000           -2.557e-01          -1.499e+01             330.811          -4.044e-01             329.170           4.000e+01     
  68.000         190.000           -3.219e-01          -1.500e+01             330.773          -4.722e-01             329.057           4.000e+01     
  67.000         190.000           -3.912e-01          -1.502e+01             330.737          -5.433e-01             328.945           4.000e+01     
  66.000         190.000           -4.638e-01          -1.504e+01             330.702          -6.178e-01             328.835           4.000e+01     
  65.000         190.000           -5.396e-01          -1.506e+01             330.667          -6.957e-01             328.726           4.000e+01     
  64.000         190.000           -6.188e-01          -1.508e+01             330.635          -7.770e-01             328.619           4.000e+01     
  63.000         190.000           -7.013e-01          -1.510e+01             330.603          -8.618e-01             328.513           4.000e+01     
  62.000         190.000           -7.871e-01          -1.512e+01             330.572          -9.501e-01             328.409           4.000e+01     
  61.000         190.000           -8.764e-01          -1.515e+01             330.543          -1.042e+00             328.306           4.000e+01     
  60.000         190.000           -9.692e-01          -1.517e+01             330.515          -1.138e+00             328.205           4.000e+01     
  59.000         190.000           -1.065e+00          -1.519e+01             330.488          -1.237e+00             328.106           4.000e+01     
  58.000         190.000           -1.165e+00          -1.521e+01             330.463          -1.340e+00             328.009           4.000e+01     
  57.000         190.000           -1.269e+00          -1.524e+01             330.439          -1.447e+00             327.914           4.000e+01     
  56.000         190.000           -1.376e+00          -1.526e+01             330.416          -1.557e+00             327.821           4.000e+01     
  55.000         190.000           -1.487e+00          -1.529e+01             330.394          -1.672e+00             327.729           4.000e+01     
  54.000         190.000           -1.602e+00          -1.531e+01             330.374          -1.791e+00             327.640           4.000e+01     
  53.000         190.000           -1.721e+00          -1.534e+01             330.355          -1.914e+00             327.553           4.000e+01     
  52.000         190.000           -1.843e+00          -1.536e+01             330.337          -2.041e+00             327.468           3.973e+01     
  51.000         190.000           -1.970e+00          -1.539e+01             330.321          -2.173e+00             327.386           3.943e+01     
  50.000         190.000           -2.101e+00          -1.541e+01             330.305          -2.309e+00             327.305           3.914e+01     
  49.000         190.000           -2.237e+00          -1.544e+01             330.291          -2.449e+00             327.227           3.885e+01     
  48.000         190.000           -2.376e+00          -1.546e+01             330.279          -2.595e+00             327.152           3.857e+01     
  47.000         190.000           -2.520e+00          -1.549e+01             330.267          -2.745e+00             327.079           3.829e+01     
  46.000         190.000           -2.669e+00          -1.552e+01             330.257          -2.900e+00             327.009           3.801e+01     
  45.000         190.000           -2.822e+00          -1.554e+01             330.248          -3.061e+00             326.942           3.774e+01     
  44.000         190.000           -2.981e+00          -1.557e+01             330.240          -3.227e+00             326.877           3.746e+01     
  43.000         190.000           -3.144e+00          -1.559e+01             330.234          -3.398e+00             326.816           3.720e+01     
  42.000         190.000           -3.312e+00          -1.562e+01             330.228          -3.575e+00             326.757           3.693e+01     
  41.000         190.000           -3.486e+00          -1.565e+01             330.224          -3.758e+00             326.702           3.666e+01     
  40.000         190.000           -3.665e+00          -1.567e+01             330.220          -3.948e+00             326.650           3.640e+01     
  39.000         190.000           -3.850e+00          -1.570e+01             330.218          -4.143e+00             326.601           3.614e+01     
  38.000         190.000           -4.040e+00          -1.572e+01             330.216          -4.346e+00             326.556           3.588e+01     
  37.000         190.000           -4.237e+00          -1.575e+01             330.216          -4.555e+00             326.514           3.563e+01     
  36.000         190.000           -4.440e+00          -1.577e+01             330.216          -4.772e+00             326.477           3.537e+01     
  35.000         190.000           -4.650e+00          -1.580e+01             330.218          -4.996e+00             326.443           3.512e+01     
  34.000         190.000           -4.866e+00          -1.582e+01             330.220          -5.229e+00             326.414           3.488e+01     
  33.000         190.000           -5.089e+00          -1.585e+01             330.223          -5.470e+00             326.389           3.463e+01     
  32.000         190.000           -5.319e+00          -1.587e+01             330.227          -5.720e+00             326.369           3.439e+01     
  31.000         190.000           -5.558e+00          -1.589e+01             330.231          -5.979e+00             326.354           3.415e+01     
  30.000         190.000           -5.804e+00          -1.592e+01             330.236          -6.249e+00             326.344           3.392e+01     
  29.000         190.000           -6.058e+00          -1.594e+01             330.242          -6.529e+00             326.340           3.369e+01     
  28.000         190.000           -6.321e+00          -1.596e+01             330.248          -6.821e+00             326.342           3.347e+01     
  27.000         190.000           -6.593e+00          -1.598e+01             330.255          -7.124e+00             326.351           3.326e+01     
  26.000         190.000           -6.875e+00          -1.600e+01             330.262          -7.441e+00             326.367           3.305e+01     
  25.000         190.000           -7.166e+00          -1.602e+01             330.269          -7.772e+00             326.390           3.285e+01     
  24.000         190.000           -7.468e+00          -1.604e+01             330.277          -8.117e+00             326.422           3.267e+01     
  23.000         190.000           -7.781e+00          -1.606e+01             330.285          -8.479e+00             326.463           3.250e+01     
  22.000         190.000           -8.105e+00          -1.608e+01             330.294          -8.859e+00             326.514           3.234e+01     
  21.000         190.000           -8.441e+00          -1.610e+01             330.302          -9.257e+00             326.576           3.221e+01     
  20.000         190.000           -8.789e+00          -1.612e+01             330.311          -9.677e+00             326.651           3.211e+01     
  19.000         190.000           -9.150e+00          -1.613e+01             330.320          -1.012e+01             326.741           3.204e+01     
  18.000         190.000           -9.524e+00          -1.615e+01             330.329          -1.059e+01             326.847           3.202e+01     
  17.000         190.000           -9.912e+00          -1.616e+01             330.338          -1.109e+01             326.972           3.205e+01     
  16.000         190.000           -1.031e+01          -1.618e+01             330.347          -1.162e+01             327.119           3.215e+01     
  15.000         190.000           -1.073e+01          -1.619e+01             330.355          -1.218e+01             327.292           3.235e+01     
  14.000         190.000           -1.116e+01          -1.620e+01             330.364          -1.279e+01             327.497           3.269e+01     
  13.000         190.000           -1.160e+01          -1.622e+01             330.373          -1.344e+01             327.740           3.321e+01     
  12.000         190.000           -1.206e+01          -1.623e+01             330.381          -1.415e+01             328.032           3.401e+01     
  11.000         190.000           -1.252e+01          -1.624e+01             330.389          -1.492e+01             328.383           3.524e+01     
  10.000         190.000           -1.299e+01          -1.625e+01             330.397          -1.578e+01             328.814           3.720e+01     
   9.000         190.000           -1.347e+01          -1.625e+01             330.404          -1.672e+01             329.349           4.000e+01     
   8.000         190.000           -1.394e+01          -1.626e+01             330.411          -1.778e+01             330.029           4.000e+01     
   7.000         190.000           -1.441e+01          -1.627e+01             330.418          -1.899e+01             330.917           4.000e+01     
   6.000         190.000           -1.485e+01          -1.627e+01             330.424          -2.039e+01             332.123           3.752e+01     
   5.000         190.000           -1.526e+01          -1.628e+01             330.430          -2.206e+01             333.846           3.231e+01     
   4.000         190.000           -1.562e+01          -1.628e+01             330.436          -2.412e+01             336.497           2.868e+01     
   3.000         190.000           -1.591e+01          -1.628e+01             330.441          -2.677e+01             341.063           2.590e+01     
   2.000         190.000           -1.612e+01          -1.629e+01             330.445          -3.044e+01             350.557           2.372e+01     
   1.000         190.000           -1.623e+01          -1.629e+01             330.449          -3.556e+01              17.521           2.203e+01     
   0.000         190.000           -1.624e+01          -1.629e+01             330.453          -3.641e+01              81.776           2.075e+01     
  -1.000         190.000           -1.615e+01          -1.628e+01             330.456          -3.122e+01             114.943           1.984e+01     
  -2.000         190.000           -1.595e+01          -1.628e+01             330.459          -2.732e+01             126.028           1.926e+01     
  -3.000         190.000           -1.567e+01          -1.628e+01             330.461          -2.452e+01             131.137           1.895e+01     
  -4.000         190.000           -1.532e+01          -1.627e+01             330.463          -2.238e+01             134.039           1.887e+01     
  -5.000         190.000           -1.492e+01          -1.627e+01             330.464          -2.066e+01             135.907           1.897e+01     
  -6.000         190.000           -1.448e+01          -1.626e+01             330.465          -1.921e+01             137.213           1.920e+01     
  -7.000         190.000           -1.402e+01          -1.626e+01             330.465          -1.797e+01             138.181           1.953e+01     
  -8.000         190.000           -1.355e+01          -1.625e+01             330.465          -1.689e+01             138.930           1.994e+01     
  -9.000         190.000           -1.307e+01          -1.624e+01             330.465          -1.593e+01             139.530           2.039e+01     
 -10.000         190.000           -1.260e+01          -1.623e+01             330.464          -1.506e+01             140.024           2.086e+01     
 -11.000         190.000           -1.213e+01          -1.622e+01             330.463          -1.428e+01             140.441           2.136e+01     
 -12.000         190.000           -1.167e+01          -1.621e+01             330.461          -1.356e+01             140.799           2.187e+01     
 -13.000         190.000           -1.123e+01          -1.620e+01             330.460          -1.289e+01             141.112           2.237e+01     
 -14.000         190.000           -1.080e+01          -1.618e+01             330.458          -1.228e+01             141.391           2.288e+01     
 -15.000         190.000           -1.038e+01          -1.617e+01             330.455          -1.170e+01             141.641           2.337e+01     
 -16.000         190.000           -9.972e+00          -1.616e+01             330.453          -1.117e+01             141.869           2.386e+01     
 -17.000         190.000           -9.582e+00          -1.614e+01             330.450          -1.067e+01             142.079           2.435e+01     
 -18.000         190.000           -9.205e+00          -1.612e+01             330.448          -1.019e+01             142.273           2.482e+01     
 -19.000         190.000           -8.841e+00          -1.611e+01             330.445          -9.744e+00             142.456           2.528e+01     
 -20.000         190.000           -8.491e+00          -1.609e+01             330.442          -9.320e+00             142.628           2.574e+01     
 -21.000         190.000           -8.153e+00          -1.607e+01             330.439          -8.918e+00             142.792           2.618e+01     
 -22.000         190.000           -7.826e+00          -1.605e+01             330.437          -8.535e+00             142.949           2.661e+01     
 -23.000         190.000           -7.511e+00          -1.603e+01             330.434          -8.169e+00             143.100           2.704e+01     
 -24.000         190.000           -7.207e+00          -1.601e+01             330.432          -7.821e+00             143.246           2.746e+01     
 -25.000         190.000           -6.914e+00          -1.599e+01             330.429          -7.487e+00             143.388           2.787e+01     
 -26.000         190.000           -6.630e+00          -1.597e+01             330.427          -7.168e+00             143.526           2.827e+01     
 -27.000         190.000           -6.356e+00          -1.595e+01             330.426          -6.862e+00             143.662           2.866e+01     
 -28.000         190.000           -6.091e+00          -1.592e+01             330.424          -6.568e+00             143.795           2.905e+01     
 -29.000         190.000           -5.835e+00          -1.590e+01             330.424          -6.285e+00             143.926           2.943e+01     
 -30.000         190.000           -5.587e+00          -1.588e+01             330.423          -6.014e+00             144.056           2.981e+01     
 -31.000         190.000           -5.348e+00          -1.585e+01             330.423          -5.752e+00             144.184           3.018e+01     
 -32.000         190.000           -5.115e+00          -1.583e+01             330.424          -5.500e+00             144.311           3.055e+01     
 -33.000         190.000           -4.891e+00          -1.581e+01             330.425          -5.258e+00             144.437           3.091e+01     
 -34.000         190.000           -4.673e+00          -1.578e+01             330.427          -5.023e+00             144.563           3.127e+01     
 -35.000         190.000           -4.462e+00          -1.576e+01             330.429          -4.797e+00             144.688           3.162e+01     
 -36.000         190.000           -4.258e+00          -1.573e+01             330.432          -4.579e+00             144.813           3.197e+01     
 -37.000         190.000           -4.060e+00          -1.570e+01             330.436          -4.368e+00             144.938           3.232e+01     
 -38.000         190.000           -3.868e+00          -1.568e+01             330.441          -4.164e+00             145.063           3.266e+01     
 -39.000         190.000           -3.682e+00          -1.565e+01             330.446          -3.967e+00             145.188           3.301e+01     
 -40.000         190.000           -3.501e+00          -1.563e+01             330.453          -3.776e+00             145.313           3.335e+01     
 -41.000         190.000           -3.327e+00          -1.560e+01             330.460          -3.592e+00             145.439           3.369e+01     
 -42.000         190.000           -3.157e+00          -1.557e+01             330.468          -3.413e+00             145.564           3.403e+01     
 -43.000         190.000           -2.993e+00          -1.555e+01             330.478          -3.241e+00             145.690           3.437e+01     
 -44.000         190.000           -2.833e+00          -1.552e+01             330.488          -3.074e+00             145.816           3.471e+01     
 -45.000         190.000           -2.679e+00          -1.549e+01             330.499          -2.912e+00             145.943           3.505e+01     
 -46.000         190.000           -2.529e+00          -1.547e+01             330.511          -2.756e+00             146.070           3.538e+01     
 -47.000         190.000           -2.384e+00          -1.544e+01             330.525          -2.604e+00             146.198           3.572e+01     
 -48.000         190.000           -2.243e+00          -1.541e+01             330.539          -2.458e+00             146.326           3.606e+01     
 -49.000         190.000           -2.107e+00          -1.539e+01             330.554          -2.316e+00             146.455           3.640e+01     
 -50.000         190.000           -1.975e+00          -1.536e+01             330.571          -2.179e+00             146.585           3.675e+01     
 -51.000         190.000           -1.847e+00          -1.534e+01             330.589          -2.046e+00             146.714           3.709e+01     
 -52.000         190.000           -1.724e+00          -1.531e+01             330.608          -1.918e+00             146.845           3.744e+01     
 -53.000         190.000           -1.604e+00          -1.529e+01             330.628          -1.794e+00             146.976           3.779e+01     
 -54.000         190.000           -1.488e+00          -1.526e+01             330.649          -1.674e+00             147.107           3.814e+01     
 -55.000         190.000           -1.376e+00          -1.524e+01             330.671          -1.559e+00             147.239           3.850e+01     
 -56.000         190.000           -1.268e+00          -1.521e+01             330.694          -1.447e+00             147.372           3.886e+01     
 -57.000         190.000           -1.164e+00          -1.519e+01             330.719          -1.339e+00             147.505           3.923e+01     
 -58.000         190.000           -1.063e+00          -1.517e+01             330.745          -1.235e+00             147.639           3.960e+01     
 -59.000         190.000           -9.659e-01          -1.514e+01             330.772          -1.135e+00             147.773           3.997e+01     
 -60.000         190.000           -8.722e-01          -1.512e+01             330.800          -1.039e+00             147.908           4.000e+01     
 -61.000         190.000           -7.821e-01          -1.510e+01             330.829          -9.459e-01             148.043           4.000e+01     
 -62.000         190.000           -6.954e-01          -1.508e+01             330.859          -8.567e-01             148.178           4.000e+01     
 -63.000         190.000           -6.121e-01          -1.505e+01             330.891          -7.711e-01             148.314           4.000e+01     
 -64.000         190.000           -5.321e-01          -1.503e+01             330.923          -6.889e-01             148.451           4.000e+01     
 -65.000         190.000           -4.554e-01          -1.501e+01             330.957          -6.102e-01             148.587           4.000e+01     
 -66.000         190.000           -3.820e-01          -1.499e+01             330.991          -5.348e-01             148.725           4.000e+01     
 -67.000         190.000           -3.119e-01          -1.498e+01             331.027          -4.628e-01             148.862           4.000e+01     
 -68.000         190.000           -2.449e-01          -1.496e+01             331.064          -3.942e-01             149.000           4.000e+01     
 -69.000         190.000           -1.811e-01          -1.494e+01             331.101          -3.288e-01             149.138           4.000e+01     
 -70.000         190.000           -1.204e-01          -1.492e+01             331.140          -2.666e-01             149.277           4.000e+01     
 -71.000         190.000           -6.286e-02          -1.491e+01             331.179          -2.076e-01             149.415           4.000e+01     
 -72.000         190.000           -8.384e-03          -1.489e+01             331.220          -1.518e-01             149.554           4.000e+01     
 -73.000         190.000            4.303e-02          -1.488e+01             331.261          -9.920e-02             149.693           4.000e+01     
 -74.000         190.000            9.140e-02          -1.486e+01             331.303          -4.969e-02             149.833           4.000e+01     
 -75.000         190.000            1.368e-01          -1.485e+01             331.346          -3.283e-03             149.972           4.000e+01     
 -76.000         190.000            1.791e-01          -1.484e+01             331.389           4.004e-02             150.111           4.000e+01     
 -77.000         190.000            2.185e-01          -1.482e+01             331.434           8.030e-02             150.251           4.000e+01     
 -78.000         190.000            2.549e-01          -1.481e+01             331.479           1.175e-01             150.390           4.000e+01     
 -79.000         190.000            2.883e-01          -1.480e+01             331.524           1.517e-01             150.530           4.000e+01     
 -80.000         190.000            3.189e-01          -1.479e+01             331.571           1.829e-01             150.670           4.000e+01     
 -81.000         190.000            3.464e-01          -1.478e+01             331.618           2.111e-01             150.809           4.000e+01     
 -82.000         190.000            3.711e-01          -1.478e+01             331.665           2.363e-01             150.949           4.000e+01     
 -83.000         190.000            3.929e-01          -1.477e+01             331.713           2.585e-01             151.088           4.000e+01     
 -84.000         190.000            4.117e-01          -1.476e+01             331.761           2.778e-01             151.227           4.000e+01     
 -85.000         190.000            4.277e-01          -1.476e+01             331.810           2.941e-01             151.366           4.000e+01     
 -86.000         190.000            4.408e-01          -1.475e+01             331.859           3.074e-01             151.505           4.000e+01     
 -87.000         190.000            4.510e-01          -1.475e+01             331.908           3.178e-01             151.643           4.000e+01     
 -88.000         190.000            4.583e-01          -1.475e+01             331.957           3.253e-01             151.781           4.000e+01     
 -89.000         190.000            4.628e-01          -1.474e+01             332.007           3.298e-01             151.919           4.000e+01     
