Theta [deg.]  Phi   [deg.]  Abs(Grlz)[dBi   ]   Abs(???  )[dBi   ]  Phase(???  )[deg.]  Abs(???  )[dBi   ]  Phase(???  )[deg.]  Ax.Ratio[dB    ]
------------------------------------------------------------------------------------------------------------------------------------------------------
   0.000          90.000           -4.359e-01          -4.359e-01               0.000          -4.359e-01               0.000          -2.888e+01     
   1.000          90.000           -4.336e-01          -4.336e-01               0.000          -4.336e-01               0.000          -2.887e+01     
   2.000          90.000           -4.342e-01          -4.342e-01               0.000          -4.342e-01               0.000          -2.887e+01     
   3.000          90.000           -4.379e-01          -4.379e-01               0.000          -4.379e-01               0.000          -2.888e+01     
   4.000          90.000           -4.445e-01          -4.445e-01               0.000          -4.445e-01               0.000          -2.889e+01     
   5.000          90.000           -4.541e-01          -4.541e-01               0.000          -4.541e-01               0.000          -2.891e+01     
   6.000          90.000           -4.667e-01          -4.667e-01               0.000          -4.667e-01               0.000          -2.894e+01     
   7.000          90.000           -4.823e-01          -4.823e-01               0.000          -4.823e-01               0.000          -2.897e+01     
   8.000          90.000           -5.009e-01          -5.009e-01               0.000          -5.009e-01               0.000          -2.901e+01     
   9.000          90.000           -5.225e-01          -5.225e-01               0.000          -5.225e-01               0.000          -2.905e+01     
  10.000          90.000           -5.472e-01          -5.472e-01               0.000          -5.472e-01               0.000          -2.910e+01     
  11.000          90.000           -5.748e-01          -5.748e-01               0.000          -5.748e-01               0.000          -2.915e+01     
  12.000          90.000           -6.055e-01          -6.055e-01               0.000          -6.055e-01               0.000          -2.922e+01     
  13.000          90.000           -6.393e-01          -6.393e-01               0.000          -6.393e-01               0.000          -2.928e+01     
  14.000          90.000           -6.762e-01          -6.762e-01               0.000          -6.762e-01               0.000          -2.936e+01     
  15.000          90.000           -7.162e-01          -7.162e-01               0.000          -7.162e-01               0.000          -2.944e+01     
  16.000          90.000           -7.592e-01          -7.592e-01               0.000          -7.592e-01               0.000          -2.952e+01     
  17.000          90.000           -8.055e-01          -8.055e-01               0.000          -8.055e-01               0.000          -2.962e+01     
  18.000          90.000           -8.549e-01          -8.549e-01               0.000          -8.549e-01               0.000          -2.971e+01     
  19.000          90.000           -9.075e-01          -9.075e-01               0.000          -9.075e-01               0.000          -2.982e+01     
  20.000          90.000           -9.633e-01          -9.633e-01               0.000          -9.633e-01               0.000          -2.993e+01     
  21.000          90.000           -1.022e+00          -1.022e+00               0.000          -1.022e+00               0.000          -3.005e+01     
  22.000          90.000           -1.085e+00          -1.085e+00               0.000          -1.085e+00               0.000          -3.017e+01     
  23.000          90.000           -1.150e+00          -1.150e+00               0.000          -1.150e+00               0.000          -3.031e+01     
  24.000          90.000           -1.219e+00          -1.219e+00               0.000          -1.219e+00               0.000          -3.044e+01     
  25.000          90.000           -1.292e+00          -1.292e+00               0.000          -1.292e+00               0.000          -3.059e+01     
  26.000          90.000           -1.368e+00          -1.368e+00               0.000          -1.368e+00               0.000          -3.074e+01     
  27.000          90.000           -1.447e+00          -1.447e+00               0.000          -1.447e+00               0.000          -3.090e+01     
  28.000          90.000           -1.530e+00          -1.530e+00               0.000          -1.530e+00               0.000          -3.106e+01     
  29.000          90.000           -1.616e+00          -1.616e+00               0.000          -1.616e+00               0.000          -3.124e+01     
  30.000          90.000           -1.706e+00          -1.706e+00               0.000          -1.706e+00               0.000          -3.142e+01     
  31.000          90.000           -1.800e+00          -1.800e+00               0.000          -1.800e+00               0.000          -3.161e+01     
  32.000          90.000           -1.898e+00          -1.898e+00               0.000          -1.898e+00               0.000          -3.180e+01     
  33.000          90.000           -1.999e+00          -1.999e+00               0.000          -1.999e+00               0.000          -3.200e+01     
  34.000          90.000           -2.104e+00          -2.104e+00               0.000          -2.104e+00               0.000          -3.221e+01     
  35.000          90.000           -2.214e+00          -2.214e+00               0.000          -2.214e+00               0.000          -3.243e+01     
  36.000          90.000           -2.327e+00          -2.327e+00               0.000          -2.327e+00               0.000          -3.266e+01     
  37.000          90.000           -2.445e+00          -2.445e+00               0.000          -2.445e+00               0.000          -3.289e+01     
  38.000          90.000           -2.566e+00          -2.566e+00               0.000          -2.566e+00               0.000          -3.314e+01     
  39.000          90.000           -2.692e+00          -2.692e+00               0.000          -2.692e+00               0.000          -3.339e+01     
  40.000          90.000           -2.823e+00          -2.823e+00               0.000          -2.823e+00               0.000          -3.365e+01     
  41.000          90.000           -2.958e+00          -2.958e+00               0.000          -2.958e+00               0.000          -3.392e+01     
  42.000          90.000           -3.098e+00          -3.098e+00               0.000          -3.098e+00               0.000          -3.420e+01     
  43.000          90.000           -3.242e+00          -3.242e+00               0.000          -3.242e+00               0.000          -3.449e+01     
  44.000          90.000           -3.392e+00          -3.392e+00               0.000          -3.392e+00               0.000          -3.479e+01     
  45.000          90.000           -3.547e+00          -3.547e+00               0.000          -3.547e+00               0.000          -3.510e+01     
  46.000          90.000           -3.707e+00          -3.707e+00               0.000          -3.707e+00               0.000          -3.542e+01     
  47.000          90.000           -3.872e+00          -3.872e+00               0.000          -3.872e+00               0.000          -3.575e+01     
  48.000          90.000           -4.043e+00          -4.043e+00               0.000          -4.043e+00               0.000          -3.609e+01     
  49.000          90.000           -4.220e+00          -4.220e+00               0.000          -4.220e+00               0.000          -3.644e+01     
  50.000          90.000           -4.403e+00          -4.403e+00               0.000          -4.403e+00               0.000          -3.681e+01     
  51.000          90.000           -4.593e+00          -4.593e+00               0.000          -4.593e+00               0.000          -3.719e+01     
  52.000          90.000           -4.788e+00          -4.788e+00               0.000          -4.788e+00               0.000          -3.758e+01     
  53.000          90.000           -4.991e+00          -4.991e+00               0.000          -4.991e+00               0.000          -3.799e+01     
  54.000          90.000           -5.201e+00          -5.201e+00               0.000          -5.201e+00               0.000          -3.841e+01     
  55.000          90.000           -5.419e+00          -5.419e+00               0.000          -5.419e+00               0.000          -3.884e+01     
  56.000          90.000           -5.644e+00          -5.644e+00               0.000          -5.644e+00               0.000          -3.929e+01     
  57.000          90.000           -5.878e+00          -5.878e+00               0.000          -5.878e+00               0.000          -3.976e+01     
  58.000          90.000           -6.121e+00          -6.121e+00               0.000          -6.121e+00               0.000          -4.025e+01     
  59.000          90.000           -6.372e+00          -6.372e+00               0.000          -6.372e+00               0.000          -4.075e+01     
  60.000          90.000           -6.634e+00          -6.634e+00               0.000          -6.634e+00               0.000          -4.127e+01     
  61.000          90.000           -6.905e+00          -6.905e+00               0.000          -6.905e+00               0.000          -4.182e+01     
  62.000          90.000           -7.188e+00          -7.188e+00               0.000          -7.188e+00               0.000          -4.238e+01     
  63.000          90.000           -7.482e+00          -7.482e+00               0.000          -7.482e+00               0.000          -4.297e+01     
  64.000          90.000           -7.789e+00          -7.789e+00               0.000          -7.789e+00               0.000          -4.358e+01     
  65.000          90.000           -8.109e+00          -8.109e+00               0.000          -8.109e+00               0.000          -4.422e+01     
  66.000          90.000           -8.444e+00          -8.444e+00               0.000          -8.444e+00               0.000          -4.489e+01     
  67.000          90.000           -8.794e+00          -8.794e+00               0.000          -8.794e+00               0.000          -4.559e+01     
  68.000          90.000           -9.161e+00          -9.161e+00               0.000          -9.161e+00               0.000          -4.633e+01     
  69.000          90.000           -9.546e+00          -9.546e+00               0.000          -9.546e+00               0.000          -4.710e+01     
  70.000          90.000           -9.952e+00          -9.952e+00               0.000          -9.952e+00               0.000          -4.791e+01     
  71.000          90.000           -1.038e+01          -1.038e+01               0.000          -1.038e+01               0.000          -4.876e+01     
  72.000          90.000           -1.083e+01          -1.083e+01               0.000          -1.083e+01               0.000          -4.966e+01     
  73.000          90.000           -1.131e+01          -1.131e+01               0.000          -1.131e+01               0.000          -5.062e+01     
  74.000          90.000           -1.182e+01          -1.182e+01               0.000          -1.182e+01               0.000          -5.164e+01     
  75.000          90.000           -1.236e+01          -1.236e+01               0.000          -1.236e+01               0.000          -5.272e+01     
  76.000          90.000           -1.294e+01          -1.294e+01               0.000          -1.294e+01               0.000          -5.388e+01     
  77.000          90.000           -1.356e+01          -1.356e+01               0.000          -1.356e+01               0.000          -5.513e+01     
  78.000          90.000           -1.423e+01          -1.423e+01               0.000          -1.423e+01               0.000          -5.647e+01     
  79.000          90.000           -1.497e+01          -1.497e+01               0.000          -1.497e+01               0.000          -5.794e+01     
  80.000          90.000           -1.577e+01          -1.577e+01               0.000          -1.577e+01               0.000          -5.954e+01     
  81.000          90.000           -1.665e+01          -1.665e+01               0.000          -1.665e+01               0.000          -6.131e+01     
  82.000          90.000           -1.764e+01          -1.764e+01               0.000          -1.764e+01               0.000          -6.329e+01     
  83.000          90.000           -1.876e+01          -1.876e+01               0.000          -1.876e+01               0.000          -6.552e+01     
  84.000          90.000           -2.004e+01          -2.004e+01               0.000          -2.004e+01               0.000          -6.809e+01     
  85.000          90.000           -2.155e+01          -2.155e+01               0.000          -2.155e+01               0.000          -7.110e+01     
  86.000          90.000           -2.338e+01          -2.338e+01               0.000          -2.338e+01               0.000          -7.476e+01     
  87.000          90.000           -2.570e+01          -2.570e+01               0.000          -2.570e+01               0.000          -7.941e+01     
  88.000          90.000           -2.888e+01          -2.888e+01               0.000          -2.888e+01               0.000          -8.577e+01     
  89.000          90.000           -3.396e+01          -3.396e+01               0.000          -3.396e+01               0.000          -9.593e+01     
  90.000          90.000           -4.755e+01          -4.755e+01               0.000          -4.755e+01               0.000          -1.231e+02     
  91.000          90.000           -3.852e+01          -3.852e+01               0.000          -3.852e+01               0.000          -1.050e+02     
  92.000          90.000           -3.113e+01          -3.113e+01               0.000          -3.113e+01               0.000          -9.027e+01     
  93.000          90.000           -2.720e+01          -2.720e+01               0.000          -2.720e+01               0.000          -8.240e+01     
  94.000          90.000           -2.450e+01          -2.450e+01               0.000          -2.450e+01               0.000          -7.700e+01     
  95.000          90.000           -2.245e+01          -2.245e+01               0.000          -2.245e+01               0.000          -7.290e+01     
  96.000          90.000           -2.079e+01          -2.079e+01               0.000          -2.079e+01               0.000          -6.958e+01     
  97.000          90.000           -1.940e+01          -1.940e+01               0.000          -1.940e+01               0.000          -6.680e+01     
  98.000          90.000           -1.820e+01          -1.820e+01               0.000          -1.820e+01               0.000          -6.441e+01     
  99.000          90.000           -1.715e+01          -1.715e+01               0.000          -1.715e+01               0.000          -6.231e+01     
 100.000          90.000           -1.622e+01          -1.622e+01               0.000          -1.622e+01               0.000          -6.044e+01     
 101.000          90.000           -1.537e+01          -1.537e+01               0.000          -1.537e+01               0.000          -5.875e+01     
 102.000          90.000           -1.461e+01          -1.461e+01               0.000          -1.461e+01               0.000          -5.722e+01     
 103.000          90.000           -1.391e+01          -1.391e+01               0.000          -1.391e+01               0.000          -5.582e+01     
 104.000          90.000           -1.326e+01          -1.326e+01               0.000          -1.326e+01               0.000          -5.452e+01     
 105.000          90.000           -1.266e+01          -1.266e+01               0.000          -1.266e+01               0.000          -5.332e+01     
 106.000          90.000           -1.210e+01          -1.210e+01               0.000          -1.210e+01               0.000          -5.220e+01     
 107.000          90.000           -1.157e+01          -1.157e+01               0.000          -1.157e+01               0.000          -5.115e+01     
 108.000          90.000           -1.108e+01          -1.108e+01               0.000          -1.108e+01               0.000          -5.017e+01     
 109.000          90.000           -1.062e+01          -1.062e+01               0.000          -1.062e+01               0.000          -4.924e+01     
 110.000          90.000           -1.018e+01          -1.018e+01               0.000          -1.018e+01               0.000          -4.836e+01     
 111.000          90.000           -9.762e+00          -9.762e+00               0.000          -9.762e+00               0.000          -4.753e+01     
 112.000          90.000           -9.367e+00          -9.367e+00               0.000          -9.367e+00               0.000          -4.674e+01     
 113.000          90.000           -8.991e+00          -8.991e+00               0.000          -8.991e+00               0.000          -4.599e+01     
 114.000          90.000           -8.633e+00          -8.633e+00               0.000          -8.633e+00               0.000          -4.527e+01     
 115.000          90.000           -8.290e+00          -8.290e+00               0.000          -8.290e+00               0.000          -4.459e+01     
 116.000          90.000           -7.963e+00          -7.963e+00               0.000          -7.963e+00               0.000          -4.393e+01     
 117.000          90.000           -7.650e+00          -7.650e+00               0.000          -7.650e+00               0.000          -4.330e+01     
 118.000          90.000           -7.349e+00          -7.349e+00               0.000          -7.349e+00               0.000          -4.270e+01     
 119.000          90.000           -7.061e+00          -7.061e+00               0.000          -7.061e+00               0.000          -4.213e+01     
 120.000          90.000           -6.783e+00          -6.783e+00               0.000          -6.783e+00               0.000          -4.157e+01     
 121.000          90.000           -6.517e+00          -6.517e+00               0.000          -6.517e+00               0.000          -4.104e+01     
 122.000          90.000           -6.260e+00          -6.260e+00               0.000          -6.260e+00               0.000          -4.053e+01     
 123.000          90.000           -6.013e+00          -6.013e+00               0.000          -6.013e+00               0.000          -4.003e+01     
 124.000          90.000           -5.775e+00          -5.775e+00               0.000          -5.775e+00               0.000          -3.955e+01     
 125.000          90.000           -5.545e+00          -5.545e+00               0.000          -5.545e+00               0.000          -3.910e+01     
 126.000          90.000           -5.324e+00          -5.324e+00               0.000          -5.324e+00               0.000          -3.865e+01     
 127.000          90.000           -5.110e+00          -5.110e+00               0.000          -5.110e+00               0.000          -3.822e+01     
 128.000          90.000           -4.903e+00          -4.903e+00               0.000          -4.903e+00               0.000          -3.781e+01     
 129.000          90.000           -4.704e+00          -4.704e+00               0.000          -4.704e+00               0.000          -3.741e+01     
 130.000          90.000           -4.511e+00          -4.511e+00               0.000          -4.511e+00               0.000          -3.703e+01     
 131.000          90.000           -4.324e+00          -4.324e+00               0.000          -4.324e+00               0.000          -3.665e+01     
 132.000          90.000           -4.144e+00          -4.144e+00               0.000          -4.144e+00               0.000          -3.629e+01     
 133.000          90.000           -3.969e+00          -3.969e+00               0.000          -3.969e+00               0.000          -3.594e+01     
 134.000          90.000           -3.801e+00          -3.801e+00               0.000          -3.801e+00               0.000          -3.561e+01     
 135.000          90.000           -3.638e+00          -3.638e+00               0.000          -3.638e+00               0.000          -3.528e+01     
 136.000          90.000           -3.480e+00          -3.480e+00               0.000          -3.480e+00               0.000          -3.496e+01     
 137.000          90.000           -3.327e+00          -3.327e+00               0.000          -3.327e+00               0.000          -3.466e+01     
 138.000          90.000           -3.179e+00          -3.179e+00               0.000          -3.179e+00               0.000          -3.436e+01     
 139.000          90.000           -3.037e+00          -3.037e+00               0.000          -3.037e+00               0.000          -3.408e+01     
 140.000          90.000           -2.899e+00          -2.899e+00               0.000          -2.899e+00               0.000          -3.380e+01     
 141.000          90.000           -2.765e+00          -2.765e+00               0.000          -2.765e+00               0.000          -3.354e+01     
 142.000          90.000           -2.636e+00          -2.636e+00               0.000          -2.636e+00               0.000          -3.328e+01     
 143.000          90.000           -2.512e+00          -2.512e+00               0.000          -2.512e+00               0.000          -3.303e+01     
 144.000          90.000           -2.391e+00          -2.391e+00               0.000          -2.391e+00               0.000          -3.279e+01     
 145.000          90.000           -2.275e+00          -2.275e+00               0.000          -2.275e+00               0.000          -3.256e+01     
 146.000          90.000           -2.163e+00          -2.163e+00               0.000          -2.163e+00               0.000          -3.233e+01     
 147.000          90.000           -2.055e+00          -2.055e+00               0.000          -2.055e+00               0.000          -3.211e+01     
 148.000          90.000           -1.951e+00          -1.951e+00               0.000          -1.951e+00               0.000          -3.191e+01     
 149.000          90.000           -1.850e+00          -1.850e+00               0.000          -1.850e+00               0.000          -3.171e+01     
 150.000          90.000           -1.754e+00          -1.754e+00               0.000          -1.754e+00               0.000          -3.151e+01     
 151.000          90.000           -1.661e+00          -1.661e+00               0.000          -1.661e+00               0.000          -3.133e+01     
 152.000          90.000           -1.572e+00          -1.572e+00               0.000          -1.572e+00               0.000          -3.115e+01     
 153.000          90.000           -1.486e+00          -1.486e+00               0.000          -1.486e+00               0.000          -3.098e+01     
 154.000          90.000           -1.404e+00          -1.404e+00               0.000          -1.404e+00               0.000          -3.081e+01     
 155.000          90.000           -1.325e+00          -1.325e+00               0.000          -1.325e+00               0.000          -3.065e+01     
 156.000          90.000           -1.250e+00          -1.250e+00               0.000          -1.250e+00               0.000          -3.050e+01     
 157.000          90.000           -1.178e+00          -1.178e+00               0.000          -1.178e+00               0.000          -3.036e+01     
 158.000          90.000           -1.109e+00          -1.109e+00               0.000          -1.109e+00               0.000          -3.022e+01     
 159.000          90.000           -1.044e+00          -1.044e+00               0.000          -1.044e+00               0.000          -3.009e+01     
 160.000          90.000           -9.820e-01          -9.820e-01               0.000          -9.820e-01               0.000          -2.997e+01     
 161.000          90.000           -9.232e-01          -9.232e-01               0.000          -9.232e-01               0.000          -2.985e+01     
 162.000          90.000           -8.676e-01          -8.676e-01               0.000          -8.676e-01               0.000          -2.974e+01     
 163.000          90.000           -8.152e-01          -8.152e-01               0.000          -8.152e-01               0.000          -2.964e+01     
 164.000          90.000           -7.660e-01          -7.660e-01               0.000          -7.660e-01               0.000          -2.954e+01     
 165.000          90.000           -7.199e-01          -7.199e-01               0.000          -7.199e-01               0.000          -2.944e+01     
 166.000          90.000           -6.768e-01          -6.768e-01               0.000          -6.768e-01               0.000          -2.936e+01     
 167.000          90.000           -6.369e-01          -6.369e-01               0.000          -6.369e-01               0.000          -2.928e+01     
 168.000          90.000           -6.000e-01          -6.000e-01               0.000          -6.000e-01               0.000          -2.920e+01     
 169.000          90.000           -5.661e-01          -5.661e-01               0.000          -5.661e-01               0.000          -2.914e+01     
 170.000          90.000           -5.353e-01          -5.353e-01               0.000          -5.353e-01               0.000          -2.908e+01     
 171.000          90.000           -5.075e-01          -5.075e-01               0.000          -5.075e-01               0.000          -2.902e+01     
 172.000          90.000           -4.827e-01          -4.827e-01               0.000          -4.827e-01               0.000          -2.897e+01     
 173.000          90.000           -4.608e-01          -4.608e-01               0.000          -4.608e-01               0.000          -2.893e+01     
 174.000          90.000           -4.420e-01          -4.420e-01               0.000          -4.420e-01               0.000          -2.889e+01     
 175.000          90.000           -4.261e-01          -4.261e-01               0.000          -4.261e-01               0.000          -2.886e+01     
 176.000          90.000           -4.132e-01          -4.132e-01               0.000          -4.132e-01               0.000          -2.883e+01     
 177.000          90.000           -4.032e-01          -4.032e-01               0.000          -4.032e-01               0.000          -2.881e+01     
 178.000          90.000           -3.961e-01          -3.961e-01               0.000          -3.961e-01               0.000          -2.880e+01     
 179.000          90.000           -3.920e-01          -3.920e-01               0.000          -3.920e-01               0.000          -2.879e+01     
 180.000          90.000           -3.909e-01          -3.909e-01               0.000          -3.909e-01               0.000          -2.879e+01     
 -179.000         270.000           -3.927e-01          -3.927e-01               0.000          -3.927e-01               0.000          -2.879e+01
 -178.000         270.000           -3.974e-01          -3.974e-01               0.000          -3.974e-01               0.000          -2.880e+01
 -177.000         270.000           -4.050e-01          -4.050e-01               0.000          -4.050e-01               0.000          -2.881e+01
 -176.000         270.000           -4.157e-01          -4.157e-01               0.000          -4.157e-01               0.000          -2.884e+01
 -175.000         270.000           -4.292e-01          -4.292e-01               0.000          -4.292e-01               0.000          -2.886e+01
 -174.000         270.000           -4.457e-01          -4.457e-01               0.000          -4.457e-01               0.000          -2.890e+01
 -173.000         270.000           -4.652e-01          -4.652e-01               0.000          -4.652e-01               0.000          -2.894e+01
 -172.000         270.000           -4.876e-01          -4.876e-01               0.000          -4.876e-01               0.000          -2.898e+01
 -171.000         270.000           -5.130e-01          -5.130e-01               0.000          -5.130e-01               0.000          -2.903e+01
 -170.000         270.000           -5.414e-01          -5.414e-01               0.000          -5.414e-01               0.000          -2.909e+01
 -169.000         270.000           -5.727e-01          -5.727e-01               0.000          -5.727e-01               0.000          -2.915e+01
 -168.000         270.000           -6.071e-01          -6.071e-01               0.000          -6.071e-01               0.000          -2.922e+01
 -167.000         270.000           -6.445e-01          -6.445e-01               0.000          -6.445e-01               0.000          -2.929e+01
 -166.000         270.000           -6.850e-01          -6.850e-01               0.000          -6.850e-01               0.000          -2.937e+01
 -165.000         270.000           -7.284e-01          -7.284e-01               0.000          -7.284e-01               0.000          -2.946e+01
 -164.000         270.000           -7.750e-01          -7.750e-01               0.000          -7.750e-01               0.000          -2.955e+01
 -163.000         270.000           -8.247e-01          -8.247e-01               0.000          -8.247e-01               0.000          -2.965e+01
 -162.000         270.000           -8.774e-01          -8.774e-01               0.000          -8.774e-01               0.000          -2.976e+01
 -161.000         270.000           -9.333e-01          -9.333e-01               0.000          -9.333e-01               0.000          -2.987e+01
 -160.000         270.000           -9.924e-01          -9.924e-01               0.000          -9.924e-01               0.000          -2.999e+01
 -159.000         270.000           -1.055e+00          -1.055e+00               0.000          -1.055e+00               0.000          -3.011e+01
 -158.000         270.000           -1.120e+00          -1.120e+00               0.000          -1.120e+00               0.000          -3.025e+01
 -157.000         270.000           -1.189e+00          -1.189e+00               0.000          -1.189e+00               0.000          -3.038e+01
 -156.000         270.000           -1.261e+00          -1.261e+00               0.000          -1.261e+00               0.000          -3.053e+01
 -155.000         270.000           -1.336e+00          -1.336e+00               0.000          -1.336e+00               0.000          -3.068e+01
 -154.000         270.000           -1.415e+00          -1.415e+00               0.000          -1.415e+00               0.000          -3.084e+01
 -153.000         270.000           -1.497e+00          -1.497e+00               0.000          -1.497e+00               0.000          -3.100e+01
 -152.000         270.000           -1.583e+00          -1.583e+00               0.000          -1.583e+00               0.000          -3.117e+01
 -151.000         270.000           -1.672e+00          -1.672e+00               0.000          -1.672e+00               0.000          -3.135e+01
 -150.000         270.000           -1.765e+00          -1.765e+00               0.000          -1.765e+00               0.000          -3.153e+01
 -149.000         270.000           -1.861e+00          -1.861e+00               0.000          -1.861e+00               0.000          -3.173e+01
 -148.000         270.000           -1.961e+00          -1.961e+00               0.000          -1.961e+00               0.000          -3.193e+01
 -147.000         270.000           -2.065e+00          -2.065e+00               0.000          -2.065e+00               0.000          -3.213e+01
 -146.000         270.000           -2.172e+00          -2.172e+00               0.000          -2.172e+00               0.000          -3.235e+01
 -145.000         270.000           -2.284e+00          -2.284e+00               0.000          -2.284e+00               0.000          -3.257e+01
 -144.000         270.000           -2.399e+00          -2.399e+00               0.000          -2.399e+00               0.000          -3.280e+01
 -143.000         270.000           -2.519e+00          -2.519e+00               0.000          -2.519e+00               0.000          -3.304e+01
 -142.000         270.000           -2.642e+00          -2.642e+00               0.000          -2.642e+00               0.000          -3.329e+01
 -141.000         270.000           -2.770e+00          -2.770e+00               0.000          -2.770e+00               0.000          -3.354e+01
 -140.000         270.000           -2.902e+00          -2.902e+00               0.000          -2.902e+00               0.000          -3.381e+01
 -139.000         270.000           -3.039e+00          -3.039e+00               0.000          -3.039e+00               0.000          -3.408e+01
 -138.000         270.000           -3.180e+00          -3.180e+00               0.000          -3.180e+00               0.000          -3.436e+01
 -137.000         270.000           -3.326e+00          -3.326e+00               0.000          -3.326e+00               0.000          -3.466e+01
 -136.000         270.000           -3.476e+00          -3.476e+00               0.000          -3.476e+00               0.000          -3.496e+01
 -135.000         270.000           -3.632e+00          -3.632e+00               0.000          -3.632e+00               0.000          -3.527e+01
 -134.000         270.000           -3.793e+00          -3.793e+00               0.000          -3.793e+00               0.000          -3.559e+01
 -133.000         270.000           -3.959e+00          -3.959e+00               0.000          -3.959e+00               0.000          -3.592e+01
 -132.000         270.000           -4.131e+00          -4.131e+00               0.000          -4.131e+00               0.000          -3.627e+01
 -131.000         270.000           -4.308e+00          -4.308e+00               0.000          -4.308e+00               0.000          -3.662e+01
 -130.000         270.000           -4.491e+00          -4.491e+00               0.000          -4.491e+00               0.000          -3.699e+01
 -129.000         270.000           -4.681e+00          -4.681e+00               0.000          -4.681e+00               0.000          -3.737e+01
 -128.000         270.000           -4.877e+00          -4.877e+00               0.000          -4.877e+00               0.000          -3.776e+01
 -127.000         270.000           -5.079e+00          -5.079e+00               0.000          -5.079e+00               0.000          -3.816e+01
 -126.000         270.000           -5.288e+00          -5.288e+00               0.000          -5.288e+00               0.000          -3.858e+01
 -125.000         270.000           -5.505e+00          -5.505e+00               0.000          -5.505e+00               0.000          -3.901e+01
 -124.000         270.000           -5.729e+00          -5.729e+00               0.000          -5.729e+00               0.000          -3.946e+01
 -123.000         270.000           -5.962e+00          -5.962e+00               0.000          -5.962e+00               0.000          -3.993e+01
 -122.000         270.000           -6.202e+00          -6.202e+00               0.000          -6.202e+00               0.000          -4.041e+01
 -121.000         270.000           -6.452e+00          -6.452e+00               0.000          -6.452e+00               0.000          -4.091e+01
 -120.000         270.000           -6.711e+00          -6.711e+00               0.000          -6.711e+00               0.000          -4.143e+01
 -119.000         270.000           -6.980e+00          -6.980e+00               0.000          -6.980e+00               0.000          -4.196e+01
 -118.000         270.000           -7.259e+00          -7.259e+00               0.000          -7.259e+00               0.000          -4.252e+01
 -117.000         270.000           -7.550e+00          -7.550e+00               0.000          -7.550e+00               0.000          -4.310e+01
 -116.000         270.000           -7.853e+00          -7.853e+00               0.000          -7.853e+00               0.000          -4.371e+01
 -115.000         270.000           -8.168e+00          -8.168e+00               0.000          -8.168e+00               0.000          -4.434e+01
 -114.000         270.000           -8.498e+00          -8.498e+00               0.000          -8.498e+00               0.000          -4.500e+01
 -113.000         270.000           -8.842e+00          -8.842e+00               0.000          -8.842e+00               0.000          -4.569e+01
 -112.000         270.000           -9.202e+00          -9.202e+00               0.000          -9.202e+00               0.000          -4.641e+01
 -111.000         270.000           -9.580e+00          -9.580e+00               0.000          -9.580e+00               0.000          -4.716e+01
 -110.000         270.000           -9.977e+00          -9.977e+00               0.000          -9.977e+00               0.000          -4.796e+01
 -109.000         270.000           -1.039e+01          -1.039e+01               0.000          -1.039e+01               0.000          -4.879e+01
 -108.000         270.000           -1.083e+01          -1.083e+01               0.000          -1.083e+01               0.000          -4.967e+01
 -107.000         270.000           -1.130e+01          -1.130e+01               0.000          -1.130e+01               0.000          -5.061e+01
 -106.000         270.000           -1.179e+01          -1.179e+01               0.000          -1.179e+01               0.000          -5.159e+01
 -105.000         270.000           -1.232e+01          -1.232e+01               0.000          -1.232e+01               0.000          -5.265e+01
 -104.000         270.000           -1.288e+01          -1.288e+01               0.000          -1.288e+01               0.000          -5.377e+01
 -103.000         270.000           -1.348e+01          -1.348e+01               0.000          -1.348e+01               0.000          -5.497e+01
 -102.000         270.000           -1.413e+01          -1.413e+01               0.000          -1.413e+01               0.000          -5.627e+01
 -101.000         270.000           -1.483e+01          -1.483e+01               0.000          -1.483e+01               0.000          -5.767e+01
 -100.000         270.000           -1.560e+01          -1.560e+01               0.000          -1.560e+01               0.000          -5.921e+01
  -99.000         270.000           -1.644e+01          -1.644e+01               0.000          -1.644e+01               0.000          -6.089e+01
  -98.000         270.000           -1.738e+01          -1.738e+01               0.000          -1.738e+01               0.000          -6.276e+01
  -97.000         270.000           -1.843e+01          -1.843e+01               0.000          -1.843e+01               0.000          -6.486e+01
  -96.000         270.000           -1.962e+01          -1.962e+01               0.000          -1.962e+01               0.000          -6.725e+01
  -95.000         270.000           -2.101e+01          -2.101e+01               0.000          -2.101e+01               0.000          -7.002e+01
  -94.000         270.000           -2.266e+01          -2.266e+01               0.000          -2.266e+01               0.000          -7.333e+01
  -93.000         270.000           -2.471e+01          -2.471e+01               0.000          -2.471e+01               0.000          -7.742e+01
  -92.000         270.000           -2.739e+01          -2.739e+01               0.000          -2.739e+01               0.000          -8.278e+01
  -91.000         270.000           -3.127e+01          -3.127e+01               0.000          -3.127e+01               0.000          -9.055e+01
  -90.000         270.000           -3.840e+01          -3.840e+01               0.000          -3.840e+01               0.000          -1.048e+02
  -89.000         270.000           -4.643e+01          -4.643e+01               0.000          -4.643e+01               0.000          -1.209e+02
  -88.000         270.000           -3.420e+01          -3.420e+01               0.000          -3.420e+01               0.000          -9.641e+01
  -87.000         270.000           -2.915e+01          -2.915e+01               0.000          -2.915e+01               0.000          -8.630e+01
  -86.000         270.000           -2.597e+01          -2.597e+01               0.000          -2.597e+01               0.000          -7.994e+01
  -85.000         270.000           -2.364e+01          -2.364e+01               0.000          -2.364e+01               0.000          -7.529e+01
  -84.000         270.000           -2.181e+01          -2.181e+01               0.000          -2.181e+01               0.000          -7.163e+01
  -83.000         270.000           -2.030e+01          -2.030e+01               0.000          -2.030e+01               0.000          -6.861e+01
  -82.000         270.000           -1.902e+01          -1.902e+01               0.000          -1.902e+01               0.000          -6.604e+01
  -81.000         270.000           -1.790e+01          -1.790e+01               0.000          -1.790e+01               0.000          -6.380e+01
  -80.000         270.000           -1.691e+01          -1.691e+01               0.000          -1.691e+01               0.000          -6.182e+01
  -79.000         270.000           -1.602e+01          -1.602e+01               0.000          -1.602e+01               0.000          -6.005e+01
  -78.000         270.000           -1.522e+01          -1.522e+01               0.000          -1.522e+01               0.000          -5.844e+01
  -77.000         270.000           -1.449e+01          -1.449e+01               0.000          -1.449e+01               0.000          -5.698e+01
  -76.000         270.000           -1.381e+01          -1.381e+01               0.000          -1.381e+01               0.000          -5.563e+01
  -75.000         270.000           -1.319e+01          -1.319e+01               0.000          -1.319e+01               0.000          -5.438e+01
  -74.000         270.000           -1.261e+01          -1.261e+01               0.000          -1.261e+01               0.000          -5.322e+01
  -73.000         270.000           -1.206e+01          -1.206e+01               0.000          -1.206e+01               0.000          -5.213e+01
  -72.000         270.000           -1.156e+01          -1.156e+01               0.000          -1.156e+01               0.000          -5.112e+01
  -71.000         270.000           -1.108e+01          -1.108e+01               0.000          -1.108e+01               0.000          -5.016e+01
  -70.000         270.000           -1.062e+01          -1.062e+01               0.000          -1.062e+01               0.000          -4.925e+01
  -69.000         270.000           -1.019e+01          -1.019e+01               0.000          -1.019e+01               0.000          -4.839e+01
  -68.000         270.000           -9.788e+00          -9.788e+00               0.000          -9.788e+00               0.000          -4.758e+01
  -67.000         270.000           -9.401e+00          -9.401e+00               0.000          -9.401e+00               0.000          -4.681e+01
  -66.000         270.000           -9.032e+00          -9.032e+00               0.000          -9.032e+00               0.000          -4.607e+01
  -65.000         270.000           -8.680e+00          -8.680e+00               0.000          -8.680e+00               0.000          -4.537e+01
  -64.000         270.000           -8.344e+00          -8.344e+00               0.000          -8.344e+00               0.000          -4.469e+01
  -63.000         270.000           -8.022e+00          -8.022e+00               0.000          -8.022e+00               0.000          -4.405e+01
  -62.000         270.000           -7.713e+00          -7.713e+00               0.000          -7.713e+00               0.000          -4.343e+01
  -61.000         270.000           -7.417e+00          -7.417e+00               0.000          -7.417e+00               0.000          -4.284e+01
  -60.000         270.000           -7.132e+00          -7.132e+00               0.000          -7.132e+00               0.000          -4.227e+01
  -59.000         270.000           -6.858e+00          -6.858e+00               0.000          -6.858e+00               0.000          -4.172e+01
  -58.000         270.000           -6.594e+00          -6.594e+00               0.000          -6.594e+00               0.000          -4.119e+01
  -57.000         270.000           -6.340e+00          -6.340e+00               0.000          -6.340e+00               0.000          -4.069e+01
  -56.000         270.000           -6.096e+00          -6.096e+00               0.000          -6.096e+00               0.000          -4.020e+01
  -55.000         270.000           -5.859e+00          -5.859e+00               0.000          -5.859e+00               0.000          -3.972e+01
  -54.000         270.000           -5.632e+00          -5.632e+00               0.000          -5.632e+00               0.000          -3.927e+01
  -53.000         270.000           -5.411e+00          -5.411e+00               0.000          -5.411e+00               0.000          -3.883e+01
  -52.000         270.000           -5.199e+00          -5.199e+00               0.000          -5.199e+00               0.000          -3.840e+01
  -51.000         270.000           -4.993e+00          -4.993e+00               0.000          -4.993e+00               0.000          -3.799e+01
  -50.000         270.000           -4.794e+00          -4.794e+00               0.000          -4.794e+00               0.000          -3.759e+01
  -49.000         270.000           -4.602e+00          -4.602e+00               0.000          -4.602e+00               0.000          -3.721e+01
  -48.000         270.000           -4.416e+00          -4.416e+00               0.000          -4.416e+00               0.000          -3.684e+01
  -47.000         270.000           -4.236e+00          -4.236e+00               0.000          -4.236e+00               0.000          -3.648e+01
  -46.000         270.000           -4.062e+00          -4.062e+00               0.000          -4.062e+00               0.000          -3.613e+01
  -45.000         270.000           -3.893e+00          -3.893e+00               0.000          -3.893e+00               0.000          -3.579e+01
  -44.000         270.000           -3.730e+00          -3.730e+00               0.000          -3.730e+00               0.000          -3.547e+01
  -43.000         270.000           -3.572e+00          -3.572e+00               0.000          -3.572e+00               0.000          -3.515e+01
  -42.000         270.000           -3.419e+00          -3.419e+00               0.000          -3.419e+00               0.000          -3.484e+01
  -41.000         270.000           -3.271e+00          -3.271e+00               0.000          -3.271e+00               0.000          -3.455e+01
  -40.000         270.000           -3.128e+00          -3.128e+00               0.000          -3.128e+00               0.000          -3.426e+01
  -39.000         270.000           -2.990e+00          -2.990e+00               0.000          -2.990e+00               0.000          -3.398e+01
  -38.000         270.000           -2.856e+00          -2.856e+00               0.000          -2.856e+00               0.000          -3.372e+01
  -37.000         270.000           -2.726e+00          -2.726e+00               0.000          -2.726e+00               0.000          -3.346e+01
  -36.000         270.000           -2.601e+00          -2.601e+00               0.000          -2.601e+00               0.000          -3.321e+01
  -35.000         270.000           -2.480e+00          -2.480e+00               0.000          -2.480e+00               0.000          -3.296e+01
  -34.000         270.000           -2.362e+00          -2.362e+00               0.000          -2.362e+00               0.000          -3.273e+01
  -33.000         270.000           -2.249e+00          -2.249e+00               0.000          -2.249e+00               0.000          -3.250e+01
  -32.000         270.000           -2.140e+00          -2.140e+00               0.000          -2.140e+00               0.000          -3.229e+01
  -31.000         270.000           -2.035e+00          -2.035e+00               0.000          -2.035e+00               0.000          -3.207e+01
  -30.000         270.000           -1.934e+00          -1.934e+00               0.000          -1.934e+00               0.000          -3.187e+01
  -29.000         270.000           -1.836e+00          -1.836e+00               0.000          -1.836e+00               0.000          -3.168e+01
  -28.000         270.000           -1.742e+00          -1.742e+00               0.000          -1.742e+00               0.000          -3.149e+01
  -27.000         270.000           -1.651e+00          -1.651e+00               0.000          -1.651e+00               0.000          -3.131e+01
  -26.000         270.000           -1.564e+00          -1.564e+00               0.000          -1.564e+00               0.000          -3.113e+01
  -25.000         270.000           -1.481e+00          -1.481e+00               0.000          -1.481e+00               0.000          -3.097e+01
  -24.000         270.000           -1.401e+00          -1.401e+00               0.000          -1.401e+00               0.000          -3.081e+01
  -23.000         270.000           -1.324e+00          -1.324e+00               0.000          -1.324e+00               0.000          -3.065e+01
  -22.000         270.000           -1.251e+00          -1.251e+00               0.000          -1.251e+00               0.000          -3.051e+01
  -21.000         270.000           -1.181e+00          -1.181e+00               0.000          -1.181e+00               0.000          -3.037e+01
  -20.000         270.000           -1.114e+00          -1.114e+00               0.000          -1.114e+00               0.000          -3.023e+01
  -19.000         270.000           -1.051e+00          -1.051e+00               0.000          -1.051e+00               0.000          -3.011e+01
  -18.000         270.000           -9.909e-01          -9.909e-01               0.000          -9.909e-01               0.000          -2.999e+01
  -17.000         270.000           -9.340e-01          -9.340e-01               0.000          -9.340e-01               0.000          -2.987e+01
  -16.000         270.000           -8.802e-01          -8.802e-01               0.000          -8.802e-01               0.000          -2.977e+01
  -15.000         270.000           -8.295e-01          -8.295e-01               0.000          -8.295e-01               0.000          -2.966e+01
  -14.000         270.000           -7.820e-01          -7.820e-01               0.000          -7.820e-01               0.000          -2.957e+01
  -13.000         270.000           -7.376e-01          -7.376e-01               0.000          -7.376e-01               0.000          -2.948e+01
  -12.000         270.000           -6.963e-01          -6.963e-01               0.000          -6.963e-01               0.000          -2.940e+01
  -11.000         270.000           -6.580e-01          -6.580e-01               0.000          -6.580e-01               0.000          -2.932e+01
  -10.000         270.000           -6.228e-01          -6.228e-01               0.000          -6.228e-01               0.000          -2.925e+01
   -9.000         270.000           -5.906e-01          -5.906e-01               0.000          -5.906e-01               0.000          -2.919e+01
   -8.000         270.000           -5.614e-01          -5.614e-01               0.000          -5.614e-01               0.000          -2.913e+01
   -7.000         270.000           -5.353e-01          -5.353e-01               0.000          -5.353e-01               0.000          -2.908e+01
   -6.000         270.000           -5.121e-01          -5.121e-01               0.000          -5.121e-01               0.000          -2.903e+01
   -5.000         270.000           -4.920e-01          -4.920e-01               0.000          -4.920e-01               0.000          -2.899e+01
   -4.000         270.000           -4.748e-01          -4.748e-01               0.000          -4.748e-01               0.000          -2.895e+01
   -3.000         270.000           -4.606e-01          -4.606e-01               0.000          -4.606e-01               0.000          -2.893e+01
   -2.000         270.000           -4.494e-01          -4.494e-01               0.000          -4.494e-01               0.000          -2.890e+01
   -1.000         270.000           -4.411e-01          -4.411e-01               0.000          -4.411e-01               0.000          -2.889e+01
   0.000          90.000           -4.359e-01          -4.359e-01               0.000          -4.359e-01               0.000          -2.888e+01
