Theta [deg.]  Phi   [deg.]  Abs(Grlz)[dBi   ]   Abs(???  )[dBi   ]  Phase(???  )[deg.]  Abs(???  )[dBi   ]  Phase(???  )[deg.]  Ax.Ratio[dB    ]    
------------------------------------------------------------------------------------------------------------------------------------------------------
   0.000          90.000            2.098e+00           2.098e+00               0.000           2.098e+00               0.000          -2.381e+01     
   1.000          90.000            2.100e+00           2.100e+00               0.000           2.100e+00               0.000          -2.381e+01     
   2.000          90.000            2.099e+00           2.099e+00               0.000           2.099e+00               0.000          -2.381e+01     
   3.000          90.000            2.094e+00           2.094e+00               0.000           2.094e+00               0.000          -2.382e+01     
   4.000          90.000            2.087e+00           2.087e+00               0.000           2.087e+00               0.000          -2.383e+01     
   5.000          90.000            2.077e+00           2.077e+00               0.000           2.077e+00               0.000          -2.385e+01     
   6.000          90.000            2.064e+00           2.064e+00               0.000           2.064e+00               0.000          -2.388e+01     
   7.000          90.000            2.048e+00           2.048e+00               0.000           2.048e+00               0.000          -2.391e+01     
   8.000          90.000            2.029e+00           2.029e+00               0.000           2.029e+00               0.000          -2.395e+01     
   9.000          90.000            2.006e+00           2.006e+00               0.000           2.006e+00               0.000          -2.399e+01     
  10.000          90.000            1.981e+00           1.981e+00               0.000           1.981e+00               0.000          -2.404e+01     
  11.000          90.000            1.953e+00           1.953e+00               0.000           1.953e+00               0.000          -2.410e+01     
  12.000          90.000            1.921e+00           1.921e+00               0.000           1.921e+00               0.000          -2.416e+01     
  13.000          90.000            1.887e+00           1.887e+00               0.000           1.887e+00               0.000          -2.423e+01     
  14.000          90.000            1.850e+00           1.850e+00               0.000           1.850e+00               0.000          -2.431e+01     
  15.000          90.000            1.809e+00           1.809e+00               0.000           1.809e+00               0.000          -2.439e+01     
  16.000          90.000            1.765e+00           1.765e+00               0.000           1.765e+00               0.000          -2.447e+01     
  17.000          90.000            1.718e+00           1.718e+00               0.000           1.718e+00               0.000          -2.457e+01     
  18.000          90.000            1.668e+00           1.668e+00               0.000           1.668e+00               0.000          -2.467e+01     
  19.000          90.000            1.615e+00           1.615e+00               0.000           1.615e+00               0.000          -2.477e+01     
  20.000          90.000            1.558e+00           1.558e+00               0.000           1.558e+00               0.000          -2.489e+01     
  21.000          90.000            1.499e+00           1.499e+00               0.000           1.499e+00               0.000          -2.501e+01     
  22.000          90.000            1.436e+00           1.436e+00               0.000           1.436e+00               0.000          -2.513e+01     
  23.000          90.000            1.369e+00           1.369e+00               0.000           1.369e+00               0.000          -2.527e+01     
  24.000          90.000            1.299e+00           1.299e+00               0.000           1.299e+00               0.000          -2.541e+01     
  25.000          90.000            1.226e+00           1.226e+00               0.000           1.226e+00               0.000          -2.555e+01     
  26.000          90.000            1.150e+00           1.150e+00               0.000           1.150e+00               0.000          -2.571e+01     
  27.000          90.000            1.070e+00           1.070e+00               0.000           1.070e+00               0.000          -2.587e+01     
  28.000          90.000            9.859e-01           9.859e-01               0.000           9.859e-01               0.000          -2.603e+01     
  29.000          90.000            8.986e-01           8.986e-01               0.000           8.986e-01               0.000          -2.621e+01     
  30.000          90.000            8.078e-01           8.078e-01               0.000           8.078e-01               0.000          -2.639e+01     
  31.000          90.000            7.132e-01           7.132e-01               0.000           7.132e-01               0.000          -2.658e+01     
  32.000          90.000            6.148e-01           6.148e-01               0.000           6.148e-01               0.000          -2.678e+01     
  33.000          90.000            5.126e-01           5.126e-01               0.000           5.126e-01               0.000          -2.698e+01     
  34.000          90.000            4.065e-01           4.065e-01               0.000           4.065e-01               0.000          -2.719e+01     
  35.000          90.000            2.964e-01           2.964e-01               0.000           2.964e-01               0.000          -2.741e+01     
  36.000          90.000            1.822e-01           1.822e-01               0.000           1.822e-01               0.000          -2.764e+01     
  37.000          90.000            6.385e-02           6.385e-02               0.000           6.385e-02               0.000          -2.788e+01     
  38.000          90.000           -5.875e-02          -5.875e-02               0.000          -5.875e-02               0.000          -2.812e+01     
  39.000          90.000           -1.857e-01          -1.857e-01               0.000          -1.857e-01               0.000          -2.838e+01     
  40.000          90.000           -3.171e-01          -3.171e-01               0.000          -3.171e-01               0.000          -2.864e+01     
  41.000          90.000           -4.531e-01          -4.531e-01               0.000          -4.531e-01               0.000          -2.891e+01     
  42.000          90.000           -5.938e-01          -5.938e-01               0.000          -5.938e-01               0.000          -2.919e+01     
  43.000          90.000           -7.393e-01          -7.393e-01               0.000          -7.393e-01               0.000          -2.948e+01     
  44.000          90.000           -8.898e-01          -8.898e-01               0.000          -8.898e-01               0.000          -2.978e+01     
  45.000          90.000           -1.045e+00          -1.045e+00               0.000          -1.045e+00               0.000          -3.010e+01     
  46.000          90.000           -1.206e+00          -1.206e+00               0.000          -1.206e+00               0.000          -3.042e+01     
  47.000          90.000           -1.373e+00          -1.373e+00               0.000          -1.373e+00               0.000          -3.075e+01     
  48.000          90.000           -1.545e+00          -1.545e+00               0.000          -1.545e+00               0.000          -3.109e+01     
  49.000          90.000           -1.723e+00          -1.723e+00               0.000          -1.723e+00               0.000          -3.145e+01     
  50.000          90.000           -1.907e+00          -1.907e+00               0.000          -1.907e+00               0.000          -3.182e+01     
  51.000          90.000           -2.097e+00          -2.097e+00               0.000          -2.097e+00               0.000          -3.220e+01     
  52.000          90.000           -2.294e+00          -2.294e+00               0.000          -2.294e+00               0.000          -3.259e+01     
  53.000          90.000           -2.498e+00          -2.498e+00               0.000          -2.498e+00               0.000          -3.300e+01     
  54.000          90.000           -2.710e+00          -2.710e+00               0.000          -2.710e+00               0.000          -3.342e+01     
  55.000          90.000           -2.928e+00          -2.928e+00               0.000          -2.928e+00               0.000          -3.386e+01     
  56.000          90.000           -3.155e+00          -3.155e+00               0.000          -3.155e+00               0.000          -3.431e+01     
  57.000          90.000           -3.390e+00          -3.390e+00               0.000          -3.390e+00               0.000          -3.478e+01     
  58.000          90.000           -3.633e+00          -3.633e+00               0.000          -3.633e+00               0.000          -3.527e+01     
  59.000          90.000           -3.886e+00          -3.886e+00               0.000          -3.886e+00               0.000          -3.578e+01     
  60.000          90.000           -4.149e+00          -4.149e+00               0.000          -4.149e+00               0.000          -3.630e+01     
  61.000          90.000           -4.422e+00          -4.422e+00               0.000          -4.422e+00               0.000          -3.685e+01     
  62.000          90.000           -4.706e+00          -4.706e+00               0.000          -4.706e+00               0.000          -3.742e+01     
  63.000          90.000           -5.002e+00          -5.002e+00               0.000          -5.002e+00               0.000          -3.801e+01     
  64.000          90.000           -5.310e+00          -5.310e+00               0.000          -5.310e+00               0.000          -3.862e+01     
  65.000          90.000           -5.632e+00          -5.632e+00               0.000          -5.632e+00               0.000          -3.927e+01     
  66.000          90.000           -5.968e+00          -5.968e+00               0.000          -5.968e+00               0.000          -3.994e+01     
  67.000          90.000           -6.320e+00          -6.320e+00               0.000          -6.320e+00               0.000          -4.064e+01     
  68.000          90.000           -6.688e+00          -6.688e+00               0.000          -6.688e+00               0.000          -4.138e+01     
  69.000          90.000           -7.076e+00          -7.076e+00               0.000          -7.076e+00               0.000          -4.216e+01     
  70.000          90.000           -7.483e+00          -7.483e+00               0.000          -7.483e+00               0.000          -4.297e+01     
  71.000          90.000           -7.912e+00          -7.912e+00               0.000          -7.912e+00               0.000          -4.383e+01     
  72.000          90.000           -8.366e+00          -8.366e+00               0.000          -8.366e+00               0.000          -4.474e+01     
  73.000          90.000           -8.846e+00          -8.846e+00               0.000          -8.846e+00               0.000          -4.570e+01     
  74.000          90.000           -9.357e+00          -9.357e+00               0.000          -9.357e+00               0.000          -4.672e+01     
  75.000          90.000           -9.902e+00          -9.902e+00               0.000          -9.902e+00               0.000          -4.781e+01     
  76.000          90.000           -1.048e+01          -1.048e+01               0.000          -1.048e+01               0.000          -4.897e+01     
  77.000          90.000           -1.111e+01          -1.111e+01               0.000          -1.111e+01               0.000          -5.023e+01     
  78.000          90.000           -1.179e+01          -1.179e+01               0.000          -1.179e+01               0.000          -5.158e+01     
  79.000          90.000           -1.253e+01          -1.253e+01               0.000          -1.253e+01               0.000          -5.306e+01     
  80.000          90.000           -1.333e+01          -1.333e+01               0.000          -1.333e+01               0.000          -5.467e+01     
  81.000          90.000           -1.423e+01          -1.423e+01               0.000          -1.423e+01               0.000          -5.646e+01     
  82.000          90.000           -1.522e+01          -1.522e+01               0.000          -1.522e+01               0.000          -5.845e+01     
  83.000          90.000           -1.635e+01          -1.635e+01               0.000          -1.635e+01               0.000          -6.071e+01     
  84.000          90.000           -1.765e+01          -1.765e+01               0.000          -1.765e+01               0.000          -6.330e+01     
  85.000          90.000           -1.918e+01          -1.918e+01               0.000          -1.918e+01               0.000          -6.636e+01     
  86.000          90.000           -2.103e+01          -2.103e+01               0.000          -2.103e+01               0.000          -7.007e+01     
  87.000          90.000           -2.339e+01          -2.339e+01               0.000          -2.339e+01               0.000          -7.479e+01     
  88.000          90.000           -2.664e+01          -2.664e+01               0.000          -2.664e+01               0.000          -8.128e+01     
  89.000          90.000           -3.180e+01          -3.180e+01               0.000          -3.180e+01               0.000          -9.161e+01     
  90.000          90.000           -4.270e+01          -4.270e+01               0.000          -4.270e+01               0.000          -1.134e+02     
  91.000          90.000           -3.457e+01          -3.457e+01               0.000          -3.457e+01               0.000          -9.714e+01     
  92.000          90.000           -2.811e+01          -2.811e+01               0.000          -2.811e+01               0.000          -8.422e+01     
  93.000          90.000           -2.438e+01          -2.438e+01               0.000          -2.438e+01               0.000          -7.677e+01     
  94.000          90.000           -2.178e+01          -2.178e+01               0.000          -2.178e+01               0.000          -7.156e+01     
  95.000          90.000           -1.977e+01          -1.977e+01               0.000          -1.977e+01               0.000          -6.755e+01     
  96.000          90.000           -1.815e+01          -1.815e+01               0.000          -1.815e+01               0.000          -6.430e+01     
  97.000          90.000           -1.678e+01          -1.678e+01               0.000          -1.678e+01               0.000          -6.156e+01     
  98.000          90.000           -1.560e+01          -1.560e+01               0.000          -1.560e+01               0.000          -5.920e+01     
  99.000          90.000           -1.456e+01          -1.456e+01               0.000          -1.456e+01               0.000          -5.713e+01     
 100.000          90.000           -1.364e+01          -1.364e+01               0.000          -1.364e+01               0.000          -5.528e+01     
 101.000          90.000           -1.280e+01          -1.280e+01               0.000          -1.280e+01               0.000          -5.361e+01     
 102.000          90.000           -1.204e+01          -1.204e+01               0.000          -1.204e+01               0.000          -5.209e+01     
 103.000          90.000           -1.134e+01          -1.134e+01               0.000          -1.134e+01               0.000          -5.069e+01     
 104.000          90.000           -1.070e+01          -1.070e+01               0.000          -1.070e+01               0.000          -4.941e+01     
 105.000          90.000           -1.010e+01          -1.010e+01               0.000          -1.010e+01               0.000          -4.821e+01     
 106.000          90.000           -9.546e+00          -9.546e+00               0.000          -9.546e+00               0.000          -4.710e+01     
 107.000          90.000           -9.025e+00          -9.025e+00               0.000          -9.025e+00               0.000          -4.605e+01     
 108.000          90.000           -8.534e+00          -8.534e+00               0.000          -8.534e+00               0.000          -4.507e+01     
 109.000          90.000           -8.072e+00          -8.072e+00               0.000          -8.072e+00               0.000          -4.415e+01     
 110.000          90.000           -7.635e+00          -7.635e+00               0.000          -7.635e+00               0.000          -4.327e+01     
 111.000          90.000           -7.220e+00          -7.220e+00               0.000          -7.220e+00               0.000          -4.245e+01     
 112.000          90.000           -6.827e+00          -6.827e+00               0.000          -6.827e+00               0.000          -4.166e+01     
 113.000          90.000           -6.452e+00          -6.452e+00               0.000          -6.452e+00               0.000          -4.091e+01     
 114.000          90.000           -6.094e+00          -6.094e+00               0.000          -6.094e+00               0.000          -4.019e+01     
 115.000          90.000           -5.753e+00          -5.753e+00               0.000          -5.753e+00               0.000          -3.951e+01     
 116.000          90.000           -5.427e+00          -5.427e+00               0.000          -5.427e+00               0.000          -3.886e+01     
 117.000          90.000           -5.114e+00          -5.114e+00               0.000          -5.114e+00               0.000          -3.823e+01     
 118.000          90.000           -4.814e+00          -4.814e+00               0.000          -4.814e+00               0.000          -3.763e+01     
 119.000          90.000           -4.526e+00          -4.526e+00               0.000          -4.526e+00               0.000          -3.706e+01     
 120.000          90.000           -4.249e+00          -4.249e+00               0.000          -4.249e+00               0.000          -3.650e+01     
 121.000          90.000           -3.983e+00          -3.983e+00               0.000          -3.983e+00               0.000          -3.597e+01     
 122.000          90.000           -3.727e+00          -3.727e+00               0.000          -3.727e+00               0.000          -3.546e+01     
 123.000          90.000           -3.480e+00          -3.480e+00               0.000          -3.480e+00               0.000          -3.497e+01     
 124.000          90.000           -3.242e+00          -3.242e+00               0.000          -3.242e+00               0.000          -3.449e+01     
 125.000          90.000           -3.013e+00          -3.013e+00               0.000          -3.013e+00               0.000          -3.403e+01     
 126.000          90.000           -2.791e+00          -2.791e+00               0.000          -2.791e+00               0.000          -3.359e+01     
 127.000          90.000           -2.578e+00          -2.578e+00               0.000          -2.578e+00               0.000          -3.316e+01     
 128.000          90.000           -2.371e+00          -2.371e+00               0.000          -2.371e+00               0.000          -3.275e+01     
 129.000          90.000           -2.172e+00          -2.172e+00               0.000          -2.172e+00               0.000          -3.235e+01     
 130.000          90.000           -1.979e+00          -1.979e+00               0.000          -1.979e+00               0.000          -3.196e+01     
 131.000          90.000           -1.792e+00          -1.792e+00               0.000          -1.792e+00               0.000          -3.159e+01     
 132.000          90.000           -1.612e+00          -1.612e+00               0.000          -1.612e+00               0.000          -3.123e+01     
 133.000          90.000           -1.437e+00          -1.437e+00               0.000          -1.437e+00               0.000          -3.088e+01     
 134.000          90.000           -1.269e+00          -1.269e+00               0.000          -1.269e+00               0.000          -3.054e+01     
 135.000          90.000           -1.106e+00          -1.106e+00               0.000          -1.106e+00               0.000          -3.022e+01     
 136.000          90.000           -9.478e-01          -9.478e-01               0.000          -9.478e-01               0.000          -2.990e+01     
 137.000          90.000           -7.951e-01          -7.951e-01               0.000          -7.951e-01               0.000          -2.960e+01     
 138.000          90.000           -6.475e-01          -6.475e-01               0.000          -6.475e-01               0.000          -2.930e+01     
 139.000          90.000           -5.047e-01          -5.047e-01               0.000          -5.047e-01               0.000          -2.901e+01     
 140.000          90.000           -3.666e-01          -3.666e-01               0.000          -3.666e-01               0.000          -2.874e+01     
 141.000          90.000           -2.331e-01          -2.331e-01               0.000          -2.331e-01               0.000          -2.847e+01     
 142.000          90.000           -1.041e-01          -1.041e-01               0.000          -1.041e-01               0.000          -2.821e+01     
 143.000          90.000            2.060e-02           2.060e-02               0.000           2.060e-02               0.000          -2.796e+01     
 144.000          90.000            1.410e-01           1.410e-01               0.000           1.410e-01               0.000          -2.772e+01     
 145.000          90.000            2.572e-01           2.572e-01               0.000           2.572e-01               0.000          -2.749e+01     
 146.000          90.000            3.694e-01           3.694e-01               0.000           3.694e-01               0.000          -2.727e+01     
 147.000          90.000            4.776e-01           4.776e-01               0.000           4.776e-01               0.000          -2.705e+01     
 148.000          90.000            5.819e-01           5.819e-01               0.000           5.819e-01               0.000          -2.684e+01     
 149.000          90.000            6.823e-01           6.823e-01               0.000           6.823e-01               0.000          -2.664e+01     
 150.000          90.000            7.790e-01           7.790e-01               0.000           7.790e-01               0.000          -2.645e+01     
 151.000          90.000            8.719e-01           8.719e-01               0.000           8.719e-01               0.000          -2.626e+01     
 152.000          90.000            9.613e-01           9.613e-01               0.000           9.613e-01               0.000          -2.608e+01     
 153.000          90.000            1.047e+00           1.047e+00               0.000           1.047e+00               0.000          -2.591e+01     
 154.000          90.000            1.129e+00           1.129e+00               0.000           1.129e+00               0.000          -2.575e+01     
 155.000          90.000            1.208e+00           1.208e+00               0.000           1.208e+00               0.000          -2.559e+01     
 156.000          90.000            1.283e+00           1.283e+00               0.000           1.283e+00               0.000          -2.544e+01     
 157.000          90.000            1.355e+00           1.355e+00               0.000           1.355e+00               0.000          -2.529e+01     
 158.000          90.000            1.424e+00           1.424e+00               0.000           1.424e+00               0.000          -2.516e+01     
 159.000          90.000            1.489e+00           1.489e+00               0.000           1.489e+00               0.000          -2.503e+01     
 160.000          90.000            1.551e+00           1.551e+00               0.000           1.551e+00               0.000          -2.490e+01     
 161.000          90.000            1.610e+00           1.610e+00               0.000           1.610e+00               0.000          -2.479e+01     
 162.000          90.000            1.665e+00           1.665e+00               0.000           1.665e+00               0.000          -2.467e+01     
 163.000          90.000            1.718e+00           1.718e+00               0.000           1.718e+00               0.000          -2.457e+01     
 164.000          90.000            1.767e+00           1.767e+00               0.000           1.767e+00               0.000          -2.447e+01     
 165.000          90.000            1.813e+00           1.813e+00               0.000           1.813e+00               0.000          -2.438e+01     
 166.000          90.000            1.856e+00           1.856e+00               0.000           1.856e+00               0.000          -2.429e+01     
 167.000          90.000            1.896e+00           1.896e+00               0.000           1.896e+00               0.000          -2.421e+01     
 168.000          90.000            1.932e+00           1.932e+00               0.000           1.932e+00               0.000          -2.414e+01     
 169.000          90.000            1.966e+00           1.966e+00               0.000           1.966e+00               0.000          -2.407e+01     
 170.000          90.000            1.997e+00           1.997e+00               0.000           1.997e+00               0.000          -2.401e+01     
 171.000          90.000            2.024e+00           2.024e+00               0.000           2.024e+00               0.000          -2.396e+01     
 172.000          90.000            2.049e+00           2.049e+00               0.000           2.049e+00               0.000          -2.391e+01     
 173.000          90.000            2.071e+00           2.071e+00               0.000           2.071e+00               0.000          -2.386e+01     
 174.000          90.000            2.089e+00           2.089e+00               0.000           2.089e+00               0.000          -2.383e+01     
 175.000          90.000            2.105e+00           2.105e+00               0.000           2.105e+00               0.000          -2.379e+01     
 176.000          90.000            2.118e+00           2.118e+00               0.000           2.118e+00               0.000          -2.377e+01     
 177.000          90.000            2.127e+00           2.127e+00               0.000           2.127e+00               0.000          -2.375e+01     
 178.000          90.000            2.134e+00           2.134e+00               0.000           2.134e+00               0.000          -2.374e+01     
 179.000          90.000            2.138e+00           2.138e+00               0.000           2.138e+00               0.000          -2.373e+01     
 180.000          90.000            2.139e+00           2.139e+00               0.000           2.139e+00               0.000          -2.373e+01     
 -179.000         270.000            2.137e+00           2.137e+00               0.000           2.137e+00               0.000          -2.373e+01
 -178.000         270.000            2.132e+00           2.132e+00               0.000           2.132e+00               0.000          -2.374e+01
 -177.000         270.000            2.124e+00           2.124e+00               0.000           2.124e+00               0.000          -2.376e+01
 -176.000         270.000            2.113e+00           2.113e+00               0.000           2.113e+00               0.000          -2.378e+01
 -175.000         270.000            2.099e+00           2.099e+00               0.000           2.099e+00               0.000          -2.381e+01
 -174.000         270.000            2.082e+00           2.082e+00               0.000           2.082e+00               0.000          -2.384e+01
 -173.000         270.000            2.062e+00           2.062e+00               0.000           2.062e+00               0.000          -2.388e+01
 -172.000         270.000            2.039e+00           2.039e+00               0.000           2.039e+00               0.000          -2.393e+01
 -171.000         270.000            2.014e+00           2.014e+00               0.000           2.014e+00               0.000          -2.398e+01
 -170.000         270.000            1.985e+00           1.985e+00               0.000           1.985e+00               0.000          -2.404e+01
 -169.000         270.000            1.953e+00           1.953e+00               0.000           1.953e+00               0.000          -2.410e+01
 -168.000         270.000            1.918e+00           1.918e+00               0.000           1.918e+00               0.000          -2.417e+01
 -167.000         270.000            1.880e+00           1.880e+00               0.000           1.880e+00               0.000          -2.424e+01
 -166.000         270.000            1.839e+00           1.839e+00               0.000           1.839e+00               0.000          -2.433e+01
 -165.000         270.000            1.795e+00           1.795e+00               0.000           1.795e+00               0.000          -2.441e+01
 -164.000         270.000            1.748e+00           1.748e+00               0.000           1.748e+00               0.000          -2.451e+01
 -163.000         270.000            1.698e+00           1.698e+00               0.000           1.698e+00               0.000          -2.461e+01
 -162.000         270.000            1.645e+00           1.645e+00               0.000           1.645e+00               0.000          -2.472e+01
 -161.000         270.000            1.588e+00           1.588e+00               0.000           1.588e+00               0.000          -2.483e+01
 -160.000         270.000            1.528e+00           1.528e+00               0.000           1.528e+00               0.000          -2.495e+01
 -159.000         270.000            1.466e+00           1.466e+00               0.000           1.466e+00               0.000          -2.507e+01
 -158.000         270.000            1.399e+00           1.399e+00               0.000           1.399e+00               0.000          -2.521e+01
 -157.000         270.000            1.330e+00           1.330e+00               0.000           1.330e+00               0.000          -2.534e+01
 -156.000         270.000            1.257e+00           1.257e+00               0.000           1.257e+00               0.000          -2.549e+01
 -155.000         270.000            1.181e+00           1.181e+00               0.000           1.181e+00               0.000          -2.564e+01
 -154.000         270.000            1.102e+00           1.102e+00               0.000           1.102e+00               0.000          -2.580e+01
 -153.000         270.000            1.019e+00           1.019e+00               0.000           1.019e+00               0.000          -2.597e+01
 -152.000         270.000            9.325e-01           9.325e-01               0.000           9.325e-01               0.000          -2.614e+01
 -151.000         270.000            8.427e-01           8.427e-01               0.000           8.427e-01               0.000          -2.632e+01
 -150.000         270.000            7.492e-01           7.492e-01               0.000           7.492e-01               0.000          -2.651e+01
 -149.000         270.000            6.521e-01           6.521e-01               0.000           6.521e-01               0.000          -2.670e+01
 -148.000         270.000            5.513e-01           5.513e-01               0.000           5.513e-01               0.000          -2.690e+01
 -147.000         270.000            4.467e-01           4.467e-01               0.000           4.467e-01               0.000          -2.711e+01
 -146.000         270.000            3.384e-01           3.384e-01               0.000           3.384e-01               0.000          -2.733e+01
 -145.000         270.000            2.261e-01           2.261e-01               0.000           2.261e-01               0.000          -2.755e+01
 -144.000         270.000            1.098e-01           1.098e-01               0.000           1.098e-01               0.000          -2.779e+01
 -143.000         270.000           -1.059e-02          -1.059e-02               0.000          -1.059e-02               0.000          -2.803e+01
 -142.000         270.000           -1.351e-01          -1.351e-01               0.000          -1.351e-01               0.000          -2.827e+01
 -141.000         270.000           -2.639e-01          -2.639e-01               0.000          -2.639e-01               0.000          -2.853e+01
 -140.000         270.000           -3.970e-01          -3.970e-01               0.000          -3.970e-01               0.000          -2.880e+01
 -139.000         270.000           -5.346e-01          -5.346e-01               0.000          -5.346e-01               0.000          -2.907e+01
 -138.000         270.000           -6.768e-01          -6.768e-01               0.000          -6.768e-01               0.000          -2.936e+01
 -137.000         270.000           -8.237e-01          -8.237e-01               0.000          -8.237e-01               0.000          -2.965e+01
 -136.000         270.000           -9.755e-01          -9.755e-01               0.000          -9.755e-01               0.000          -2.996e+01
 -135.000         270.000           -1.132e+00          -1.132e+00               0.000          -1.132e+00               0.000          -3.027e+01
 -134.000         270.000           -1.294e+00          -1.294e+00               0.000          -1.294e+00               0.000          -3.059e+01
 -133.000         270.000           -1.462e+00          -1.462e+00               0.000          -1.462e+00               0.000          -3.093e+01
 -132.000         270.000           -1.634e+00          -1.634e+00               0.000          -1.634e+00               0.000          -3.127e+01
 -131.000         270.000           -1.813e+00          -1.813e+00               0.000          -1.813e+00               0.000          -3.163e+01
 -130.000         270.000           -1.997e+00          -1.997e+00               0.000          -1.997e+00               0.000          -3.200e+01
 -129.000         270.000           -2.188e+00          -2.188e+00               0.000          -2.188e+00               0.000          -3.238e+01
 -128.000         270.000           -2.385e+00          -2.385e+00               0.000          -2.385e+00               0.000          -3.278e+01
 -127.000         270.000           -2.589e+00          -2.589e+00               0.000          -2.589e+00               0.000          -3.318e+01
 -126.000         270.000           -2.800e+00          -2.800e+00               0.000          -2.800e+00               0.000          -3.360e+01
 -125.000         270.000           -3.018e+00          -3.018e+00               0.000          -3.018e+00               0.000          -3.404e+01
 -124.000         270.000           -3.244e+00          -3.244e+00               0.000          -3.244e+00               0.000          -3.449e+01
 -123.000         270.000           -3.477e+00          -3.477e+00               0.000          -3.477e+00               0.000          -3.496e+01
 -122.000         270.000           -3.720e+00          -3.720e+00               0.000          -3.720e+00               0.000          -3.544e+01
 -121.000         270.000           -3.971e+00          -3.971e+00               0.000          -3.971e+00               0.000          -3.595e+01
 -120.000         270.000           -4.232e+00          -4.232e+00               0.000          -4.232e+00               0.000          -3.647e+01
 -119.000         270.000           -4.503e+00          -4.503e+00               0.000          -4.503e+00               0.000          -3.701e+01
 -118.000         270.000           -4.784e+00          -4.784e+00               0.000          -4.784e+00               0.000          -3.757e+01
 -117.000         270.000           -5.077e+00          -5.077e+00               0.000          -5.077e+00               0.000          -3.816e+01
 -116.000         270.000           -5.381e+00          -5.381e+00               0.000          -5.381e+00               0.000          -3.877e+01
 -115.000         270.000           -5.699e+00          -5.699e+00               0.000          -5.699e+00               0.000          -3.940e+01
 -114.000         270.000           -6.031e+00          -6.031e+00               0.000          -6.031e+00               0.000          -4.007e+01
 -113.000         270.000           -6.378e+00          -6.378e+00               0.000          -6.378e+00               0.000          -4.076e+01
 -112.000         270.000           -6.741e+00          -6.741e+00               0.000          -6.741e+00               0.000          -4.149e+01
 -111.000         270.000           -7.121e+00          -7.121e+00               0.000          -7.121e+00               0.000          -4.225e+01
 -110.000         270.000           -7.521e+00          -7.521e+00               0.000          -7.521e+00               0.000          -4.305e+01
 -109.000         270.000           -7.942e+00          -7.942e+00               0.000          -7.942e+00               0.000          -4.389e+01
 -108.000         270.000           -8.386e+00          -8.386e+00               0.000          -8.386e+00               0.000          -4.478e+01
 -107.000         270.000           -8.856e+00          -8.856e+00               0.000          -8.856e+00               0.000          -4.572e+01
 -106.000         270.000           -9.354e+00          -9.354e+00               0.000          -9.354e+00               0.000          -4.671e+01
 -105.000         270.000           -9.885e+00          -9.885e+00               0.000          -9.885e+00               0.000          -4.777e+01
 -104.000         270.000           -1.045e+01          -1.045e+01               0.000          -1.045e+01               0.000          -4.891e+01
 -103.000         270.000           -1.106e+01          -1.106e+01               0.000          -1.106e+01               0.000          -5.012e+01
 -102.000         270.000           -1.171e+01          -1.171e+01               0.000          -1.171e+01               0.000          -5.143e+01
 -101.000         270.000           -1.242e+01          -1.242e+01               0.000          -1.242e+01               0.000          -5.285e+01
 -100.000         270.000           -1.320e+01          -1.320e+01               0.000          -1.320e+01               0.000          -5.440e+01
  -99.000         270.000           -1.405e+01          -1.405e+01               0.000          -1.405e+01               0.000          -5.611e+01
  -98.000         270.000           -1.500e+01          -1.500e+01               0.000          -1.500e+01               0.000          -5.800e+01
  -97.000         270.000           -1.606e+01          -1.606e+01               0.000          -1.606e+01               0.000          -6.013e+01
  -96.000         270.000           -1.728e+01          -1.728e+01               0.000          -1.728e+01               0.000          -6.256e+01
  -95.000         270.000           -1.869e+01          -1.869e+01               0.000          -1.869e+01               0.000          -6.538e+01
  -94.000         270.000           -2.037e+01          -2.037e+01               0.000          -2.037e+01               0.000          -6.875e+01
  -93.000         270.000           -2.246e+01          -2.246e+01               0.000          -2.246e+01               0.000          -7.292e+01
  -92.000         270.000           -2.518e+01          -2.518e+01               0.000          -2.518e+01               0.000          -7.837e+01
  -91.000         270.000           -2.908e+01          -2.908e+01               0.000          -2.908e+01               0.000          -8.616e+01
  -90.000         270.000           -3.530e+01          -3.530e+01               0.000          -3.530e+01               0.000          -9.860e+01
  -89.000         270.000           -3.680e+01          -3.680e+01               0.000          -3.680e+01               0.000          -1.016e+02
  -88.000         270.000           -3.010e+01          -3.010e+01               0.000          -3.010e+01               0.000          -8.821e+01
  -87.000         270.000           -2.585e+01          -2.585e+01               0.000          -2.585e+01               0.000          -7.971e+01
  -86.000         270.000           -2.295e+01          -2.295e+01               0.000          -2.295e+01               0.000          -7.390e+01
  -85.000         270.000           -2.076e+01          -2.076e+01               0.000          -2.076e+01               0.000          -6.952e+01
  -84.000         270.000           -1.901e+01          -1.901e+01               0.000          -1.901e+01               0.000          -6.602e+01
  -83.000         270.000           -1.755e+01          -1.755e+01               0.000          -1.755e+01               0.000          -6.310e+01
  -82.000         270.000           -1.630e+01          -1.630e+01               0.000          -1.630e+01               0.000          -6.060e+01
  -81.000         270.000           -1.521e+01          -1.521e+01               0.000          -1.521e+01               0.000          -5.842e+01
  -80.000         270.000           -1.424e+01          -1.424e+01               0.000          -1.424e+01               0.000          -5.648e+01
  -79.000         270.000           -1.337e+01          -1.337e+01               0.000          -1.337e+01               0.000          -5.474e+01
  -78.000         270.000           -1.258e+01          -1.258e+01               0.000          -1.258e+01               0.000          -5.316e+01
  -77.000         270.000           -1.186e+01          -1.186e+01               0.000          -1.186e+01               0.000          -5.172e+01
  -76.000         270.000           -1.119e+01          -1.119e+01               0.000          -1.119e+01               0.000          -5.039e+01
  -75.000         270.000           -1.058e+01          -1.058e+01               0.000          -1.058e+01               0.000          -4.916e+01
  -74.000         270.000           -1.000e+01          -1.000e+01               0.000          -1.000e+01               0.000          -4.801e+01
  -73.000         270.000           -9.464e+00          -9.464e+00               0.000          -9.464e+00               0.000          -4.693e+01
  -72.000         270.000           -8.960e+00          -8.960e+00               0.000          -8.960e+00               0.000          -4.592e+01
  -71.000         270.000           -8.485e+00          -8.485e+00               0.000          -8.485e+00               0.000          -4.497e+01
  -70.000         270.000           -8.036e+00          -8.036e+00               0.000          -8.036e+00               0.000          -4.408e+01
  -69.000         270.000           -7.611e+00          -7.611e+00               0.000          -7.611e+00               0.000          -4.323e+01
  -68.000         270.000           -7.208e+00          -7.208e+00               0.000          -7.208e+00               0.000          -4.242e+01
  -67.000         270.000           -6.824e+00          -6.824e+00               0.000          -6.824e+00               0.000          -4.165e+01
  -66.000         270.000           -6.457e+00          -6.457e+00               0.000          -6.457e+00               0.000          -4.092e+01
  -65.000         270.000           -6.108e+00          -6.108e+00               0.000          -6.108e+00               0.000          -4.022e+01
  -64.000         270.000           -5.773e+00          -5.773e+00               0.000          -5.773e+00               0.000          -3.955e+01
  -63.000         270.000           -5.453e+00          -5.453e+00               0.000          -5.453e+00               0.000          -3.891e+01
  -62.000         270.000           -5.146e+00          -5.146e+00               0.000          -5.146e+00               0.000          -3.830e+01
  -61.000         270.000           -4.851e+00          -4.851e+00               0.000          -4.851e+00               0.000          -3.771e+01
  -60.000         270.000           -4.568e+00          -4.568e+00               0.000          -4.568e+00               0.000          -3.714e+01
  -59.000         270.000           -4.296e+00          -4.296e+00               0.000          -4.296e+00               0.000          -3.660e+01
  -58.000         270.000           -4.033e+00          -4.033e+00               0.000          -4.033e+00               0.000          -3.607e+01
  -57.000         270.000           -3.780e+00          -3.780e+00               0.000          -3.780e+00               0.000          -3.557e+01
  -56.000         270.000           -3.537e+00          -3.537e+00               0.000          -3.537e+00               0.000          -3.508e+01
  -55.000         270.000           -3.301e+00          -3.301e+00               0.000          -3.301e+00               0.000          -3.461e+01
  -54.000         270.000           -3.074e+00          -3.074e+00               0.000          -3.074e+00               0.000          -3.415e+01
  -53.000         270.000           -2.855e+00          -2.855e+00               0.000          -2.855e+00               0.000          -3.371e+01
  -52.000         270.000           -2.643e+00          -2.643e+00               0.000          -2.643e+00               0.000          -3.329e+01
  -51.000         270.000           -2.438e+00          -2.438e+00               0.000          -2.438e+00               0.000          -3.288e+01
  -50.000         270.000           -2.240e+00          -2.240e+00               0.000          -2.240e+00               0.000          -3.249e+01
  -49.000         270.000           -2.049e+00          -2.049e+00               0.000          -2.049e+00               0.000          -3.210e+01
  -48.000         270.000           -1.863e+00          -1.863e+00               0.000          -1.863e+00               0.000          -3.173e+01
  -47.000         270.000           -1.684e+00          -1.684e+00               0.000          -1.684e+00               0.000          -3.137e+01
  -46.000         270.000           -1.510e+00          -1.510e+00               0.000          -1.510e+00               0.000          -3.103e+01
  -45.000         270.000           -1.342e+00          -1.342e+00               0.000          -1.342e+00               0.000          -3.069e+01
  -44.000         270.000           -1.179e+00          -1.179e+00               0.000          -1.179e+00               0.000          -3.036e+01
  -43.000         270.000           -1.022e+00          -1.022e+00               0.000          -1.022e+00               0.000          -3.005e+01
  -42.000         270.000           -8.695e-01          -8.695e-01               0.000          -8.695e-01               0.000          -2.974e+01
  -41.000         270.000           -7.219e-01          -7.219e-01               0.000          -7.219e-01               0.000          -2.945e+01
  -40.000         270.000           -5.791e-01          -5.791e-01               0.000          -5.791e-01               0.000          -2.916e+01
  -39.000         270.000           -4.410e-01          -4.410e-01               0.000          -4.410e-01               0.000          -2.889e+01
  -38.000         270.000           -3.073e-01          -3.073e-01               0.000          -3.073e-01               0.000          -2.862e+01
  -37.000         270.000           -1.780e-01          -1.780e-01               0.000          -1.780e-01               0.000          -2.836e+01
  -36.000         270.000           -5.304e-02          -5.304e-02               0.000          -5.304e-02               0.000          -2.811e+01
  -35.000         270.000            6.777e-02           6.777e-02               0.000           6.777e-02               0.000          -2.787e+01
  -34.000         270.000            1.845e-01           1.845e-01               0.000           1.845e-01               0.000          -2.764e+01
  -33.000         270.000            2.972e-01           2.972e-01               0.000           2.972e-01               0.000          -2.741e+01
  -32.000         270.000            4.060e-01           4.060e-01               0.000           4.060e-01               0.000          -2.719e+01
  -31.000         270.000            5.109e-01           5.109e-01               0.000           5.109e-01               0.000          -2.698e+01
  -30.000         270.000            6.120e-01           6.120e-01               0.000           6.120e-01               0.000          -2.678e+01
  -29.000         270.000            7.095e-01           7.095e-01               0.000           7.095e-01               0.000          -2.659e+01
  -28.000         270.000            8.032e-01           8.032e-01               0.000           8.032e-01               0.000          -2.640e+01
  -27.000         270.000            8.934e-01           8.934e-01               0.000           8.934e-01               0.000          -2.622e+01
  -26.000         270.000            9.800e-01           9.800e-01               0.000           9.800e-01               0.000          -2.604e+01
  -25.000         270.000            1.063e+00           1.063e+00               0.000           1.063e+00               0.000          -2.588e+01
  -24.000         270.000            1.143e+00           1.143e+00               0.000           1.143e+00               0.000          -2.572e+01
  -23.000         270.000            1.219e+00           1.219e+00               0.000           1.219e+00               0.000          -2.557e+01
  -22.000         270.000            1.292e+00           1.292e+00               0.000           1.292e+00               0.000          -2.542e+01
  -21.000         270.000            1.362e+00           1.362e+00               0.000           1.362e+00               0.000          -2.528e+01
  -20.000         270.000            1.428e+00           1.428e+00               0.000           1.428e+00               0.000          -2.515e+01
  -19.000         270.000            1.491e+00           1.491e+00               0.000           1.491e+00               0.000          -2.502e+01
  -18.000         270.000            1.551e+00           1.551e+00               0.000           1.551e+00               0.000          -2.490e+01
  -17.000         270.000            1.607e+00           1.607e+00               0.000           1.607e+00               0.000          -2.479e+01
  -16.000         270.000            1.661e+00           1.661e+00               0.000           1.661e+00               0.000          -2.468e+01
  -15.000         270.000            1.711e+00           1.711e+00               0.000           1.711e+00               0.000          -2.458e+01
  -14.000         270.000            1.758e+00           1.758e+00               0.000           1.758e+00               0.000          -2.449e+01
  -13.000         270.000            1.802e+00           1.802e+00               0.000           1.802e+00               0.000          -2.440e+01
  -12.000         270.000            1.843e+00           1.843e+00               0.000           1.843e+00               0.000          -2.432e+01
  -11.000         270.000            1.881e+00           1.881e+00               0.000           1.881e+00               0.000          -2.424e+01
  -10.000         270.000            1.916e+00           1.916e+00               0.000           1.916e+00               0.000          -2.417e+01
   -9.000         270.000            1.947e+00           1.947e+00               0.000           1.947e+00               0.000          -2.411e+01
   -8.000         270.000            1.976e+00           1.976e+00               0.000           1.976e+00               0.000          -2.405e+01
   -7.000         270.000            2.002e+00           2.002e+00               0.000           2.002e+00               0.000          -2.400e+01
   -6.000         270.000            2.025e+00           2.025e+00               0.000           2.025e+00               0.000          -2.396e+01
   -5.000         270.000            2.044e+00           2.044e+00               0.000           2.044e+00               0.000          -2.392e+01
   -4.000         270.000            2.061e+00           2.061e+00               0.000           2.061e+00               0.000          -2.388e+01
   -3.000         270.000            2.075e+00           2.075e+00               0.000           2.075e+00               0.000          -2.386e+01
   -2.000         270.000            2.085e+00           2.085e+00               0.000           2.085e+00               0.000          -2.383e+01
   -1.000         270.000            2.093e+00           2.093e+00               0.000           2.093e+00               0.000          -2.382e+01
   0.000          90.000            2.098e+00           2.098e+00               0.000           2.098e+00               0.000          -2.381e+01
