Theta [deg.]  Phi   [deg.]  Abs(Grlz)[dBi   ]   Abs(???  )[dBi   ]  Phase(???  )[deg.]  Abs(???  )[dBi   ]  Phase(???  )[deg.]  Ax.Ratio[dB    ]    
------------------------------------------------------------------------------------------------------------------------------------------------------
   0.000          90.000            1.528e+00           1.528e+00               0.000           1.528e+00               0.000          -2.495e+01     
   1.000          90.000            1.529e+00           1.529e+00               0.000           1.529e+00               0.000          -2.495e+01     
   2.000          90.000            1.527e+00           1.527e+00               0.000           1.527e+00               0.000          -2.495e+01     
   3.000          90.000            1.523e+00           1.523e+00               0.000           1.523e+00               0.000          -2.496e+01     
   4.000          90.000            1.515e+00           1.515e+00               0.000           1.515e+00               0.000          -2.498e+01     
   5.000          90.000            1.504e+00           1.504e+00               0.000           1.504e+00               0.000          -2.500e+01     
   6.000          90.000            1.490e+00           1.490e+00               0.000           1.490e+00               0.000          -2.503e+01     
   7.000          90.000            1.473e+00           1.473e+00               0.000           1.473e+00               0.000          -2.506e+01     
   8.000          90.000            1.453e+00           1.453e+00               0.000           1.453e+00               0.000          -2.510e+01     
   9.000          90.000            1.430e+00           1.430e+00               0.000           1.430e+00               0.000          -2.514e+01     
  10.000          90.000            1.404e+00           1.404e+00               0.000           1.404e+00               0.000          -2.520e+01     
  11.000          90.000            1.375e+00           1.375e+00               0.000           1.375e+00               0.000          -2.525e+01     
  12.000          90.000            1.343e+00           1.343e+00               0.000           1.343e+00               0.000          -2.532e+01     
  13.000          90.000            1.308e+00           1.308e+00               0.000           1.308e+00               0.000          -2.539e+01     
  14.000          90.000            1.270e+00           1.270e+00               0.000           1.270e+00               0.000          -2.546e+01     
  15.000          90.000            1.229e+00           1.229e+00               0.000           1.229e+00               0.000          -2.555e+01     
  16.000          90.000            1.184e+00           1.184e+00               0.000           1.184e+00               0.000          -2.564e+01     
  17.000          90.000            1.137e+00           1.137e+00               0.000           1.137e+00               0.000          -2.573e+01     
  18.000          90.000            1.086e+00           1.086e+00               0.000           1.086e+00               0.000          -2.583e+01     
  19.000          90.000            1.032e+00           1.032e+00               0.000           1.032e+00               0.000          -2.594e+01     
  20.000          90.000            9.753e-01           9.753e-01               0.000           9.753e-01               0.000          -2.605e+01     
  21.000          90.000            9.149e-01           9.149e-01               0.000           9.149e-01               0.000          -2.617e+01     
  22.000          90.000            8.513e-01           8.513e-01               0.000           8.513e-01               0.000          -2.630e+01     
  23.000          90.000            7.844e-01           7.844e-01               0.000           7.844e-01               0.000          -2.644e+01     
  24.000          90.000            7.141e-01           7.141e-01               0.000           7.141e-01               0.000          -2.658e+01     
  25.000          90.000            6.404e-01           6.404e-01               0.000           6.404e-01               0.000          -2.672e+01     
  26.000          90.000            5.632e-01           5.632e-01               0.000           5.632e-01               0.000          -2.688e+01     
  27.000          90.000            4.826e-01           4.826e-01               0.000           4.826e-01               0.000          -2.704e+01     
  28.000          90.000            3.985e-01           3.985e-01               0.000           3.985e-01               0.000          -2.721e+01     
  29.000          90.000            3.107e-01           3.107e-01               0.000           3.107e-01               0.000          -2.738e+01     
  30.000          90.000            2.194e-01           2.194e-01               0.000           2.194e-01               0.000          -2.757e+01     
  31.000          90.000            1.243e-01           1.243e-01               0.000           1.243e-01               0.000          -2.776e+01     
  32.000          90.000            2.546e-02           2.546e-02               0.000           2.546e-02               0.000          -2.795e+01     
  33.000          90.000           -7.721e-02          -7.721e-02               0.000          -7.721e-02               0.000          -2.816e+01     
  34.000          90.000           -1.838e-01          -1.838e-01               0.000          -1.838e-01               0.000          -2.837e+01     
  35.000          90.000           -2.943e-01          -2.943e-01               0.000          -2.943e-01               0.000          -2.859e+01     
  36.000          90.000           -4.090e-01          -4.090e-01               0.000          -4.090e-01               0.000          -2.882e+01     
  37.000          90.000           -5.277e-01          -5.277e-01               0.000          -5.277e-01               0.000          -2.906e+01     
  38.000          90.000           -6.508e-01          -6.508e-01               0.000          -6.508e-01               0.000          -2.931e+01     
  39.000          90.000           -7.782e-01          -7.782e-01               0.000          -7.782e-01               0.000          -2.956e+01     
  40.000          90.000           -9.100e-01          -9.100e-01               0.000          -9.100e-01               0.000          -2.982e+01     
  41.000          90.000           -1.046e+00          -1.046e+00               0.000          -1.046e+00               0.000          -3.010e+01     
  42.000          90.000           -1.188e+00          -1.188e+00               0.000          -1.188e+00               0.000          -3.038e+01     
  43.000          90.000           -1.333e+00          -1.333e+00               0.000          -1.333e+00               0.000          -3.067e+01     
  44.000          90.000           -1.484e+00          -1.484e+00               0.000          -1.484e+00               0.000          -3.097e+01     
  45.000          90.000           -1.640e+00          -1.640e+00               0.000          -1.640e+00               0.000          -3.129e+01     
  46.000          90.000           -1.802e+00          -1.802e+00               0.000          -1.802e+00               0.000          -3.161e+01     
  47.000          90.000           -1.969e+00          -1.969e+00               0.000          -1.969e+00               0.000          -3.194e+01     
  48.000          90.000           -2.141e+00          -2.141e+00               0.000          -2.141e+00               0.000          -3.229e+01     
  49.000          90.000           -2.320e+00          -2.320e+00               0.000          -2.320e+00               0.000          -3.264e+01     
  50.000          90.000           -2.504e+00          -2.504e+00               0.000          -2.504e+00               0.000          -3.301e+01     
  51.000          90.000           -2.695e+00          -2.695e+00               0.000          -2.695e+00               0.000          -3.339e+01     
  52.000          90.000           -2.892e+00          -2.892e+00               0.000          -2.892e+00               0.000          -3.379e+01     
  53.000          90.000           -3.097e+00          -3.097e+00               0.000          -3.097e+00               0.000          -3.420e+01     
  54.000          90.000           -3.308e+00          -3.308e+00               0.000          -3.308e+00               0.000          -3.462e+01     
  55.000          90.000           -3.527e+00          -3.527e+00               0.000          -3.527e+00               0.000          -3.506e+01     
  56.000          90.000           -3.754e+00          -3.754e+00               0.000          -3.754e+00               0.000          -3.551e+01     
  57.000          90.000           -3.990e+00          -3.990e+00               0.000          -3.990e+00               0.000          -3.598e+01     
  58.000          90.000           -4.234e+00          -4.234e+00               0.000          -4.234e+00               0.000          -3.647e+01     
  59.000          90.000           -4.487e+00          -4.487e+00               0.000          -4.487e+00               0.000          -3.698e+01     
  60.000          90.000           -4.750e+00          -4.750e+00               0.000          -4.750e+00               0.000          -3.751e+01     
  61.000          90.000           -5.024e+00          -5.024e+00               0.000          -5.024e+00               0.000          -3.805e+01     
  62.000          90.000           -5.308e+00          -5.308e+00               0.000          -5.308e+00               0.000          -3.862e+01     
  63.000          90.000           -5.605e+00          -5.605e+00               0.000          -5.605e+00               0.000          -3.921e+01     
  64.000          90.000           -5.913e+00          -5.913e+00               0.000          -5.913e+00               0.000          -3.983e+01     
  65.000          90.000           -6.236e+00          -6.236e+00               0.000          -6.236e+00               0.000          -4.048e+01     
  66.000          90.000           -6.573e+00          -6.573e+00               0.000          -6.573e+00               0.000          -4.115e+01     
  67.000          90.000           -6.925e+00          -6.925e+00               0.000          -6.925e+00               0.000          -4.185e+01     
  68.000          90.000           -7.294e+00          -7.294e+00               0.000          -7.294e+00               0.000          -4.259e+01     
  69.000          90.000           -7.682e+00          -7.682e+00               0.000          -7.682e+00               0.000          -4.337e+01     
  70.000          90.000           -8.090e+00          -8.090e+00               0.000          -8.090e+00               0.000          -4.419e+01     
  71.000          90.000           -8.520e+00          -8.520e+00               0.000          -8.520e+00               0.000          -4.505e+01     
  72.000          90.000           -8.975e+00          -8.975e+00               0.000          -8.975e+00               0.000          -4.595e+01     
  73.000          90.000           -9.457e+00          -9.457e+00               0.000          -9.457e+00               0.000          -4.692e+01     
  74.000          90.000           -9.969e+00          -9.969e+00               0.000          -9.969e+00               0.000          -4.794e+01     
  75.000          90.000           -1.051e+01          -1.051e+01               0.000          -1.051e+01               0.000          -4.903e+01     
  76.000          90.000           -1.110e+01          -1.110e+01               0.000          -1.110e+01               0.000          -5.020e+01     
  77.000          90.000           -1.173e+01          -1.173e+01               0.000          -1.173e+01               0.000          -5.146e+01     
  78.000          90.000           -1.241e+01          -1.241e+01               0.000          -1.241e+01               0.000          -5.282e+01     
  79.000          90.000           -1.315e+01          -1.315e+01               0.000          -1.315e+01               0.000          -5.430e+01     
  80.000          90.000           -1.396e+01          -1.396e+01               0.000          -1.396e+01               0.000          -5.592e+01     
  81.000          90.000           -1.485e+01          -1.485e+01               0.000          -1.485e+01               0.000          -5.771e+01     
  82.000          90.000           -1.585e+01          -1.585e+01               0.000          -1.585e+01               0.000          -5.971e+01     
  83.000          90.000           -1.698e+01          -1.698e+01               0.000          -1.698e+01               0.000          -6.197e+01     
  84.000          90.000           -1.828e+01          -1.828e+01               0.000          -1.828e+01               0.000          -6.457e+01     
  85.000          90.000           -1.982e+01          -1.982e+01               0.000          -1.982e+01               0.000          -6.764e+01     
  86.000          90.000           -2.168e+01          -2.168e+01               0.000          -2.168e+01               0.000          -7.136e+01     
  87.000          90.000           -2.405e+01          -2.405e+01               0.000          -2.405e+01               0.000          -7.610e+01     
  88.000          90.000           -2.728e+01          -2.728e+01               0.000          -2.728e+01               0.000          -8.257e+01     
  89.000          90.000           -3.233e+01          -3.233e+01               0.000          -3.233e+01               0.000          -9.267e+01     
  90.000          90.000           -4.064e+01          -4.064e+01               0.000          -4.064e+01               0.000          -1.093e+02     
  91.000          90.000           -3.426e+01          -3.426e+01               0.000          -3.426e+01               0.000          -9.652e+01     
  92.000          90.000           -2.838e+01          -2.838e+01               0.000          -2.838e+01               0.000          -8.477e+01     
  93.000          90.000           -2.480e+01          -2.480e+01               0.000          -2.480e+01               0.000          -7.760e+01     
  94.000          90.000           -2.225e+01          -2.225e+01               0.000          -2.225e+01               0.000          -7.250e+01     
  95.000          90.000           -2.028e+01          -2.028e+01               0.000          -2.028e+01               0.000          -6.856e+01     
  96.000          90.000           -1.867e+01          -1.867e+01               0.000          -1.867e+01               0.000          -6.534e+01     
  97.000          90.000           -1.731e+01          -1.731e+01               0.000          -1.731e+01               0.000          -6.263e+01     
  98.000          90.000           -1.614e+01          -1.614e+01               0.000          -1.614e+01               0.000          -6.028e+01     
  99.000          90.000           -1.511e+01          -1.511e+01               0.000          -1.511e+01               0.000          -5.822e+01     
 100.000          90.000           -1.419e+01          -1.419e+01               0.000          -1.419e+01               0.000          -5.638e+01     
 101.000          90.000           -1.336e+01          -1.336e+01               0.000          -1.336e+01               0.000          -5.472e+01     
 102.000          90.000           -1.260e+01          -1.260e+01               0.000          -1.260e+01               0.000          -5.321e+01     
 103.000          90.000           -1.191e+01          -1.191e+01               0.000          -1.191e+01               0.000          -5.182e+01     
 104.000          90.000           -1.127e+01          -1.127e+01               0.000          -1.127e+01               0.000          -5.054e+01     
 105.000          90.000           -1.067e+01          -1.067e+01               0.000          -1.067e+01               0.000          -4.935e+01     
 106.000          90.000           -1.012e+01          -1.012e+01               0.000          -1.012e+01               0.000          -4.824e+01     
 107.000          90.000           -9.595e+00          -9.595e+00               0.000          -9.595e+00               0.000          -4.720e+01     
 108.000          90.000           -9.106e+00          -9.106e+00               0.000          -9.106e+00               0.000          -4.622e+01     
 109.000          90.000           -8.645e+00          -8.645e+00               0.000          -8.645e+00               0.000          -4.529e+01     
 110.000          90.000           -8.209e+00          -8.209e+00               0.000          -8.209e+00               0.000          -4.442e+01     
 111.000          90.000           -7.795e+00          -7.795e+00               0.000          -7.795e+00               0.000          -4.360e+01     
 112.000          90.000           -7.402e+00          -7.402e+00               0.000          -7.402e+00               0.000          -4.281e+01     
 113.000          90.000           -7.028e+00          -7.028e+00               0.000          -7.028e+00               0.000          -4.206e+01     
 114.000          90.000           -6.672e+00          -6.672e+00               0.000          -6.672e+00               0.000          -4.135e+01     
 115.000          90.000           -6.331e+00          -6.331e+00               0.000          -6.331e+00               0.000          -4.067e+01     
 116.000          90.000           -6.005e+00          -6.005e+00               0.000          -6.005e+00               0.000          -4.001e+01     
 117.000          90.000           -5.693e+00          -5.693e+00               0.000          -5.693e+00               0.000          -3.939e+01     
 118.000          90.000           -5.393e+00          -5.393e+00               0.000          -5.393e+00               0.000          -3.879e+01     
 119.000          90.000           -5.106e+00          -5.106e+00               0.000          -5.106e+00               0.000          -3.822e+01     
 120.000          90.000           -4.830e+00          -4.830e+00               0.000          -4.830e+00               0.000          -3.766e+01     
 121.000          90.000           -4.564e+00          -4.564e+00               0.000          -4.564e+00               0.000          -3.713e+01     
 122.000          90.000           -4.308e+00          -4.308e+00               0.000          -4.308e+00               0.000          -3.662e+01     
 123.000          90.000           -4.061e+00          -4.061e+00               0.000          -4.061e+00               0.000          -3.613e+01     
 124.000          90.000           -3.824e+00          -3.824e+00               0.000          -3.824e+00               0.000          -3.565e+01     
 125.000          90.000           -3.595e+00          -3.595e+00               0.000          -3.595e+00               0.000          -3.519e+01     
 126.000          90.000           -3.373e+00          -3.373e+00               0.000          -3.373e+00               0.000          -3.475e+01     
 127.000          90.000           -3.160e+00          -3.160e+00               0.000          -3.160e+00               0.000          -3.432e+01     
 128.000          90.000           -2.953e+00          -2.953e+00               0.000          -2.953e+00               0.000          -3.391e+01     
 129.000          90.000           -2.754e+00          -2.754e+00               0.000          -2.754e+00               0.000          -3.351e+01     
 130.000          90.000           -2.561e+00          -2.561e+00               0.000          -2.561e+00               0.000          -3.313e+01     
 131.000          90.000           -2.375e+00          -2.375e+00               0.000          -2.375e+00               0.000          -3.275e+01     
 132.000          90.000           -2.195e+00          -2.195e+00               0.000          -2.195e+00               0.000          -3.239e+01     
 133.000          90.000           -2.020e+00          -2.020e+00               0.000          -2.020e+00               0.000          -3.205e+01     
 134.000          90.000           -1.852e+00          -1.852e+00               0.000          -1.852e+00               0.000          -3.171e+01     
 135.000          90.000           -1.689e+00          -1.689e+00               0.000          -1.689e+00               0.000          -3.138e+01     
 136.000          90.000           -1.531e+00          -1.531e+00               0.000          -1.531e+00               0.000          -3.107e+01     
 137.000          90.000           -1.378e+00          -1.378e+00               0.000          -1.378e+00               0.000          -3.076e+01     
 138.000          90.000           -1.231e+00          -1.231e+00               0.000          -1.231e+00               0.000          -3.047e+01     
 139.000          90.000           -1.088e+00          -1.088e+00               0.000          -1.088e+00               0.000          -3.018e+01     
 140.000          90.000           -9.497e-01          -9.497e-01               0.000          -9.497e-01               0.000          -2.990e+01     
 141.000          90.000           -8.162e-01          -8.162e-01               0.000          -8.162e-01               0.000          -2.964e+01     
 142.000          90.000           -6.872e-01          -6.872e-01               0.000          -6.872e-01               0.000          -2.938e+01     
 143.000          90.000           -5.625e-01          -5.625e-01               0.000          -5.625e-01               0.000          -2.913e+01     
 144.000          90.000           -4.421e-01          -4.421e-01               0.000          -4.421e-01               0.000          -2.889e+01     
 145.000          90.000           -3.258e-01          -3.258e-01               0.000          -3.258e-01               0.000          -2.866e+01     
 146.000          90.000           -2.136e-01          -2.136e-01               0.000          -2.136e-01               0.000          -2.843e+01     
 147.000          90.000           -1.053e-01          -1.053e-01               0.000          -1.053e-01               0.000          -2.822e+01     
 148.000          90.000           -1.005e-03          -1.005e-03               0.000          -1.005e-03               0.000          -2.801e+01     
 149.000          90.000            9.951e-02           9.951e-02               0.000           9.951e-02               0.000          -2.781e+01     
 150.000          90.000            1.963e-01           1.963e-01               0.000           1.963e-01               0.000          -2.761e+01     
 151.000          90.000            2.893e-01           2.893e-01               0.000           2.893e-01               0.000          -2.743e+01     
 152.000          90.000            3.788e-01           3.788e-01               0.000           3.788e-01               0.000          -2.725e+01     
 153.000          90.000            4.646e-01           4.646e-01               0.000           4.646e-01               0.000          -2.708e+01     
 154.000          90.000            5.470e-01           5.470e-01               0.000           5.470e-01               0.000          -2.691e+01     
 155.000          90.000            6.259e-01           6.259e-01               0.000           6.259e-01               0.000          -2.675e+01     
 156.000          90.000            7.013e-01           7.013e-01               0.000           7.013e-01               0.000          -2.660e+01     
 157.000          90.000            7.734e-01           7.734e-01               0.000           7.734e-01               0.000          -2.646e+01     
 158.000          90.000            8.421e-01           8.421e-01               0.000           8.421e-01               0.000          -2.632e+01     
 159.000          90.000            9.075e-01           9.075e-01               0.000           9.075e-01               0.000          -2.619e+01     
 160.000          90.000            9.697e-01           9.697e-01               0.000           9.697e-01               0.000          -2.607e+01     
 161.000          90.000            1.029e+00           1.029e+00               0.000           1.029e+00               0.000          -2.595e+01     
 162.000          90.000            1.084e+00           1.084e+00               0.000           1.084e+00               0.000          -2.584e+01     
 163.000          90.000            1.137e+00           1.137e+00               0.000           1.137e+00               0.000          -2.573e+01     
 164.000          90.000            1.186e+00           1.186e+00               0.000           1.186e+00               0.000          -2.563e+01     
 165.000          90.000            1.233e+00           1.233e+00               0.000           1.233e+00               0.000          -2.554e+01     
 166.000          90.000            1.276e+00           1.276e+00               0.000           1.276e+00               0.000          -2.545e+01     
 167.000          90.000            1.316e+00           1.316e+00               0.000           1.316e+00               0.000          -2.537e+01     
 168.000          90.000            1.353e+00           1.353e+00               0.000           1.353e+00               0.000          -2.530e+01     
 169.000          90.000            1.387e+00           1.387e+00               0.000           1.387e+00               0.000          -2.523e+01     
 170.000          90.000            1.418e+00           1.418e+00               0.000           1.418e+00               0.000          -2.517e+01     
 171.000          90.000            1.446e+00           1.446e+00               0.000           1.446e+00               0.000          -2.511e+01     
 172.000          90.000            1.471e+00           1.471e+00               0.000           1.471e+00               0.000          -2.506e+01     
 173.000          90.000            1.493e+00           1.493e+00               0.000           1.493e+00               0.000          -2.502e+01     
 174.000          90.000            1.511e+00           1.511e+00               0.000           1.511e+00               0.000          -2.498e+01     
 175.000          90.000            1.527e+00           1.527e+00               0.000           1.527e+00               0.000          -2.495e+01     
 176.000          90.000            1.540e+00           1.540e+00               0.000           1.540e+00               0.000          -2.492e+01     
 177.000          90.000            1.551e+00           1.551e+00               0.000           1.551e+00               0.000          -2.490e+01     
 178.000          90.000            1.558e+00           1.558e+00               0.000           1.558e+00               0.000          -2.489e+01     
 179.000          90.000            1.562e+00           1.562e+00               0.000           1.562e+00               0.000          -2.488e+01     
 180.000          90.000            1.563e+00           1.563e+00               0.000           1.563e+00               0.000          -2.488e+01     
 -179.000         270.000            1.561e+00           1.561e+00               0.000           1.561e+00               0.000          -2.488e+01
 -178.000         270.000            1.557e+00           1.557e+00               0.000           1.557e+00               0.000          -2.489e+01
 -177.000         270.000            1.549e+00           1.549e+00               0.000           1.549e+00               0.000          -2.491e+01
 -176.000         270.000            1.538e+00           1.538e+00               0.000           1.538e+00               0.000          -2.493e+01
 -175.000         270.000            1.525e+00           1.525e+00               0.000           1.525e+00               0.000          -2.496e+01
 -174.000         270.000            1.508e+00           1.508e+00               0.000           1.508e+00               0.000          -2.499e+01
 -173.000         270.000            1.489e+00           1.489e+00               0.000           1.489e+00               0.000          -2.503e+01
 -172.000         270.000            1.466e+00           1.466e+00               0.000           1.466e+00               0.000          -2.507e+01
 -171.000         270.000            1.441e+00           1.441e+00               0.000           1.441e+00               0.000          -2.512e+01
 -170.000         270.000            1.413e+00           1.413e+00               0.000           1.413e+00               0.000          -2.518e+01
 -169.000         270.000            1.381e+00           1.381e+00               0.000           1.381e+00               0.000          -2.524e+01
 -168.000         270.000            1.347e+00           1.347e+00               0.000           1.347e+00               0.000          -2.531e+01
 -167.000         270.000            1.309e+00           1.309e+00               0.000           1.309e+00               0.000          -2.539e+01
 -166.000         270.000            1.269e+00           1.269e+00               0.000           1.269e+00               0.000          -2.547e+01
 -165.000         270.000            1.225e+00           1.225e+00               0.000           1.225e+00               0.000          -2.555e+01
 -164.000         270.000            1.178e+00           1.178e+00               0.000           1.178e+00               0.000          -2.565e+01
 -163.000         270.000            1.129e+00           1.129e+00               0.000           1.129e+00               0.000          -2.575e+01
 -162.000         270.000            1.076e+00           1.076e+00               0.000           1.076e+00               0.000          -2.585e+01
 -161.000         270.000            1.020e+00           1.020e+00               0.000           1.020e+00               0.000          -2.597e+01
 -160.000         270.000            9.604e-01           9.604e-01               0.000           9.604e-01               0.000          -2.608e+01
 -159.000         270.000            8.979e-01           8.979e-01               0.000           8.979e-01               0.000          -2.621e+01
 -158.000         270.000            8.322e-01           8.322e-01               0.000           8.322e-01               0.000          -2.634e+01
 -157.000         270.000            7.632e-01           7.632e-01               0.000           7.632e-01               0.000          -2.648e+01
 -156.000         270.000            6.909e-01           6.909e-01               0.000           6.909e-01               0.000          -2.662e+01
 -155.000         270.000            6.152e-01           6.152e-01               0.000           6.152e-01               0.000          -2.677e+01
 -154.000         270.000            5.362e-01           5.362e-01               0.000           5.362e-01               0.000          -2.693e+01
 -153.000         270.000            4.537e-01           4.537e-01               0.000           4.537e-01               0.000          -2.710e+01
 -152.000         270.000            3.677e-01           3.677e-01               0.000           3.677e-01               0.000          -2.727e+01
 -151.000         270.000            2.782e-01           2.782e-01               0.000           2.782e-01               0.000          -2.745e+01
 -150.000         270.000            1.852e-01           1.852e-01               0.000           1.852e-01               0.000          -2.763e+01
 -149.000         270.000            8.842e-02           8.842e-02               0.000           8.842e-02               0.000          -2.783e+01
 -148.000         270.000           -1.202e-02          -1.202e-02               0.000          -1.202e-02               0.000          -2.803e+01
 -147.000         270.000           -1.162e-01          -1.162e-01               0.000          -1.162e-01               0.000          -2.824e+01
 -146.000         270.000           -2.243e-01          -2.243e-01               0.000          -2.243e-01               0.000          -2.845e+01
 -145.000         270.000           -3.363e-01          -3.363e-01               0.000          -3.363e-01               0.000          -2.868e+01
 -144.000         270.000           -4.522e-01          -4.522e-01               0.000          -4.522e-01               0.000          -2.891e+01
 -143.000         270.000           -5.723e-01          -5.723e-01               0.000          -5.723e-01               0.000          -2.915e+01
 -142.000         270.000           -6.965e-01          -6.965e-01               0.000          -6.965e-01               0.000          -2.940e+01
 -141.000         270.000           -8.250e-01          -8.250e-01               0.000          -8.250e-01               0.000          -2.965e+01
 -140.000         270.000           -9.579e-01          -9.579e-01               0.000          -9.579e-01               0.000          -2.992e+01
 -139.000         270.000           -1.095e+00          -1.095e+00               0.000          -1.095e+00               0.000          -3.020e+01
 -138.000         270.000           -1.237e+00          -1.237e+00               0.000          -1.237e+00               0.000          -3.048e+01
 -137.000         270.000           -1.384e+00          -1.384e+00               0.000          -1.384e+00               0.000          -3.077e+01
 -136.000         270.000           -1.536e+00          -1.536e+00               0.000          -1.536e+00               0.000          -3.108e+01
 -135.000         270.000           -1.692e+00          -1.692e+00               0.000          -1.692e+00               0.000          -3.139e+01
 -134.000         270.000           -1.854e+00          -1.854e+00               0.000          -1.854e+00               0.000          -3.171e+01
 -133.000         270.000           -2.021e+00          -2.021e+00               0.000          -2.021e+00               0.000          -3.205e+01
 -132.000         270.000           -2.194e+00          -2.194e+00               0.000          -2.194e+00               0.000          -3.239e+01
 -131.000         270.000           -2.373e+00          -2.373e+00               0.000          -2.373e+00               0.000          -3.275e+01
 -130.000         270.000           -2.557e+00          -2.557e+00               0.000          -2.557e+00               0.000          -3.312e+01
 -129.000         270.000           -2.748e+00          -2.748e+00               0.000          -2.748e+00               0.000          -3.350e+01
 -128.000         270.000           -2.945e+00          -2.945e+00               0.000          -2.945e+00               0.000          -3.389e+01
 -127.000         270.000           -3.149e+00          -3.149e+00               0.000          -3.149e+00               0.000          -3.430e+01
 -126.000         270.000           -3.360e+00          -3.360e+00               0.000          -3.360e+00               0.000          -3.472e+01
 -125.000         270.000           -3.578e+00          -3.578e+00               0.000          -3.578e+00               0.000          -3.516e+01
 -124.000         270.000           -3.804e+00          -3.804e+00               0.000          -3.804e+00               0.000          -3.561e+01
 -123.000         270.000           -4.038e+00          -4.038e+00               0.000          -4.038e+00               0.000          -3.608e+01
 -122.000         270.000           -4.281e+00          -4.281e+00               0.000          -4.281e+00               0.000          -3.657e+01
 -121.000         270.000           -4.533e+00          -4.533e+00               0.000          -4.533e+00               0.000          -3.707e+01
 -120.000         270.000           -4.794e+00          -4.794e+00               0.000          -4.794e+00               0.000          -3.759e+01
 -119.000         270.000           -5.066e+00          -5.066e+00               0.000          -5.066e+00               0.000          -3.814e+01
 -118.000         270.000           -5.348e+00          -5.348e+00               0.000          -5.348e+00               0.000          -3.870e+01
 -117.000         270.000           -5.641e+00          -5.641e+00               0.000          -5.641e+00               0.000          -3.929e+01
 -116.000         270.000           -5.947e+00          -5.947e+00               0.000          -5.947e+00               0.000          -3.990e+01
 -115.000         270.000           -6.266e+00          -6.266e+00               0.000          -6.266e+00               0.000          -4.054e+01
 -114.000         270.000           -6.598e+00          -6.598e+00               0.000          -6.598e+00               0.000          -4.120e+01
 -113.000         270.000           -6.946e+00          -6.946e+00               0.000          -6.946e+00               0.000          -4.190e+01
 -112.000         270.000           -7.311e+00          -7.311e+00               0.000          -7.311e+00               0.000          -4.263e+01
 -111.000         270.000           -7.693e+00          -7.693e+00               0.000          -7.693e+00               0.000          -4.339e+01
 -110.000         270.000           -8.095e+00          -8.095e+00               0.000          -8.095e+00               0.000          -4.419e+01
 -109.000         270.000           -8.518e+00          -8.518e+00               0.000          -8.518e+00               0.000          -4.504e+01
 -108.000         270.000           -8.964e+00          -8.964e+00               0.000          -8.964e+00               0.000          -4.593e+01
 -107.000         270.000           -9.436e+00          -9.436e+00               0.000          -9.436e+00               0.000          -4.688e+01
 -106.000         270.000           -9.937e+00          -9.937e+00               0.000          -9.937e+00               0.000          -4.788e+01
 -105.000         270.000           -1.047e+01          -1.047e+01               0.000          -1.047e+01               0.000          -4.895e+01
 -104.000         270.000           -1.104e+01          -1.104e+01               0.000          -1.104e+01               0.000          -5.009e+01
 -103.000         270.000           -1.165e+01          -1.165e+01               0.000          -1.165e+01               0.000          -5.131e+01
 -102.000         270.000           -1.231e+01          -1.231e+01               0.000          -1.231e+01               0.000          -5.263e+01
 -101.000         270.000           -1.303e+01          -1.303e+01               0.000          -1.303e+01               0.000          -5.406e+01
 -100.000         270.000           -1.381e+01          -1.381e+01               0.000          -1.381e+01               0.000          -5.563e+01
  -99.000         270.000           -1.467e+01          -1.467e+01               0.000          -1.467e+01               0.000          -5.735e+01
  -98.000         270.000           -1.563e+01          -1.563e+01               0.000          -1.563e+01               0.000          -5.926e+01
  -97.000         270.000           -1.671e+01          -1.671e+01               0.000          -1.671e+01               0.000          -6.142e+01
  -96.000         270.000           -1.793e+01          -1.793e+01               0.000          -1.793e+01               0.000          -6.387e+01
  -95.000         270.000           -1.937e+01          -1.937e+01               0.000          -1.937e+01               0.000          -6.674e+01
  -94.000         270.000           -2.108e+01          -2.108e+01               0.000          -2.108e+01               0.000          -7.015e+01
  -93.000         270.000           -2.319e+01          -2.319e+01               0.000          -2.319e+01               0.000          -7.439e+01
  -92.000         270.000           -2.596e+01          -2.596e+01               0.000          -2.596e+01               0.000          -7.993e+01
  -91.000         270.000           -2.988e+01          -2.988e+01               0.000          -2.988e+01               0.000          -8.776e+01
  -90.000         270.000           -3.551e+01          -3.551e+01               0.000          -3.551e+01               0.000          -9.903e+01
  -89.000         270.000           -3.536e+01          -3.536e+01               0.000          -3.536e+01               0.000          -9.872e+01
  -88.000         270.000           -2.975e+01          -2.975e+01               0.000          -2.975e+01               0.000          -8.751e+01
  -87.000         270.000           -2.588e+01          -2.588e+01               0.000          -2.588e+01               0.000          -7.976e+01
  -86.000         270.000           -2.313e+01          -2.313e+01               0.000          -2.313e+01               0.000          -7.427e+01
  -85.000         270.000           -2.103e+01          -2.103e+01               0.000          -2.103e+01               0.000          -7.006e+01
  -84.000         270.000           -1.933e+01          -1.933e+01               0.000          -1.933e+01               0.000          -6.666e+01
  -83.000         270.000           -1.790e+01          -1.790e+01               0.000          -1.790e+01               0.000          -6.381e+01
  -82.000         270.000           -1.668e+01          -1.668e+01               0.000          -1.668e+01               0.000          -6.136e+01
  -81.000         270.000           -1.561e+01          -1.561e+01               0.000          -1.561e+01               0.000          -5.922e+01
  -80.000         270.000           -1.465e+01          -1.465e+01               0.000          -1.465e+01               0.000          -5.731e+01
  -79.000         270.000           -1.379e+01          -1.379e+01               0.000          -1.379e+01               0.000          -5.559e+01
  -78.000         270.000           -1.301e+01          -1.301e+01               0.000          -1.301e+01               0.000          -5.403e+01
  -77.000         270.000           -1.230e+01          -1.230e+01               0.000          -1.230e+01               0.000          -5.260e+01
  -76.000         270.000           -1.164e+01          -1.164e+01               0.000          -1.164e+01               0.000          -5.129e+01
  -75.000         270.000           -1.103e+01          -1.103e+01               0.000          -1.103e+01               0.000          -5.007e+01
  -74.000         270.000           -1.046e+01          -1.046e+01               0.000          -1.046e+01               0.000          -4.893e+01
  -73.000         270.000           -9.930e+00          -9.930e+00               0.000          -9.930e+00               0.000          -4.786e+01
  -72.000         270.000           -9.430e+00          -9.430e+00               0.000          -9.430e+00               0.000          -4.686e+01
  -71.000         270.000           -8.958e+00          -8.958e+00               0.000          -8.958e+00               0.000          -4.592e+01
  -70.000         270.000           -8.513e+00          -8.513e+00               0.000          -8.513e+00               0.000          -4.503e+01
  -69.000         270.000           -8.091e+00          -8.091e+00               0.000          -8.091e+00               0.000          -4.419e+01
  -68.000         270.000           -7.690e+00          -7.690e+00               0.000          -7.690e+00               0.000          -4.339e+01
  -67.000         270.000           -7.309e+00          -7.309e+00               0.000          -7.309e+00               0.000          -4.262e+01
  -66.000         270.000           -6.945e+00          -6.945e+00               0.000          -6.945e+00               0.000          -4.190e+01
  -65.000         270.000           -6.598e+00          -6.598e+00               0.000          -6.598e+00               0.000          -4.120e+01
  -64.000         270.000           -6.266e+00          -6.266e+00               0.000          -6.266e+00               0.000          -4.054e+01
  -63.000         270.000           -5.948e+00          -5.948e+00               0.000          -5.948e+00               0.000          -3.990e+01
  -62.000         270.000           -5.643e+00          -5.643e+00               0.000          -5.643e+00               0.000          -3.929e+01
  -61.000         270.000           -5.350e+00          -5.350e+00               0.000          -5.350e+00               0.000          -3.870e+01
  -60.000         270.000           -5.069e+00          -5.069e+00               0.000          -5.069e+00               0.000          -3.814e+01
  -59.000         270.000           -4.798e+00          -4.798e+00               0.000          -4.798e+00               0.000          -3.760e+01
  -58.000         270.000           -4.537e+00          -4.537e+00               0.000          -4.537e+00               0.000          -3.708e+01
  -57.000         270.000           -4.286e+00          -4.286e+00               0.000          -4.286e+00               0.000          -3.658e+01
  -56.000         270.000           -4.044e+00          -4.044e+00               0.000          -4.044e+00               0.000          -3.609e+01
  -55.000         270.000           -3.810e+00          -3.810e+00               0.000          -3.810e+00               0.000          -3.563e+01
  -54.000         270.000           -3.585e+00          -3.585e+00               0.000          -3.585e+00               0.000          -3.517e+01
  -53.000         270.000           -3.367e+00          -3.367e+00               0.000          -3.367e+00               0.000          -3.474e+01
  -52.000         270.000           -3.156e+00          -3.156e+00               0.000          -3.156e+00               0.000          -3.432e+01
  -51.000         270.000           -2.953e+00          -2.953e+00               0.000          -2.953e+00               0.000          -3.391e+01
  -50.000         270.000           -2.756e+00          -2.756e+00               0.000          -2.756e+00               0.000          -3.352e+01
  -49.000         270.000           -2.566e+00          -2.566e+00               0.000          -2.566e+00               0.000          -3.314e+01
  -48.000         270.000           -2.382e+00          -2.382e+00               0.000          -2.382e+00               0.000          -3.277e+01
  -47.000         270.000           -2.204e+00          -2.204e+00               0.000          -2.204e+00               0.000          -3.241e+01
  -46.000         270.000           -2.032e+00          -2.032e+00               0.000          -2.032e+00               0.000          -3.207e+01
  -45.000         270.000           -1.865e+00          -1.865e+00               0.000          -1.865e+00               0.000          -3.173e+01
  -44.000         270.000           -1.703e+00          -1.703e+00               0.000          -1.703e+00               0.000          -3.141e+01
  -43.000         270.000           -1.547e+00          -1.547e+00               0.000          -1.547e+00               0.000          -3.110e+01
  -42.000         270.000           -1.396e+00          -1.396e+00               0.000          -1.396e+00               0.000          -3.080e+01
  -41.000         270.000           -1.250e+00          -1.250e+00               0.000          -1.250e+00               0.000          -3.050e+01
  -40.000         270.000           -1.108e+00          -1.108e+00               0.000          -1.108e+00               0.000          -3.022e+01
  -39.000         270.000           -9.712e-01          -9.712e-01               0.000          -9.712e-01               0.000          -2.995e+01
  -38.000         270.000           -8.387e-01          -8.387e-01               0.000          -8.387e-01               0.000          -2.968e+01
  -37.000         270.000           -7.106e-01          -7.106e-01               0.000          -7.106e-01               0.000          -2.943e+01
  -36.000         270.000           -5.868e-01          -5.868e-01               0.000          -5.868e-01               0.000          -2.918e+01
  -35.000         270.000           -4.671e-01          -4.671e-01               0.000          -4.671e-01               0.000          -2.894e+01
  -34.000         270.000           -3.516e-01          -3.516e-01               0.000          -3.516e-01               0.000          -2.871e+01
  -33.000         270.000           -2.400e-01          -2.400e-01               0.000          -2.400e-01               0.000          -2.848e+01
  -32.000         270.000           -1.324e-01          -1.324e-01               0.000          -1.324e-01               0.000          -2.827e+01
  -31.000         270.000           -2.859e-02          -2.859e-02               0.000          -2.859e-02               0.000          -2.806e+01
  -30.000         270.000            7.143e-02           7.143e-02               0.000           7.143e-02               0.000          -2.786e+01
  -29.000         270.000            1.677e-01           1.677e-01               0.000           1.677e-01               0.000          -2.767e+01
  -28.000         270.000            2.604e-01           2.604e-01               0.000           2.604e-01               0.000          -2.748e+01
  -27.000         270.000            3.495e-01           3.495e-01               0.000           3.495e-01               0.000          -2.731e+01
  -26.000         270.000            4.350e-01           4.350e-01               0.000           4.350e-01               0.000          -2.713e+01
  -25.000         270.000            5.171e-01           5.171e-01               0.000           5.171e-01               0.000          -2.697e+01
  -24.000         270.000            5.957e-01           5.957e-01               0.000           5.957e-01               0.000          -2.681e+01
  -23.000         270.000            6.709e-01           6.709e-01               0.000           6.709e-01               0.000          -2.666e+01
  -22.000         270.000            7.428e-01           7.428e-01               0.000           7.428e-01               0.000          -2.652e+01
  -21.000         270.000            8.113e-01           8.113e-01               0.000           8.113e-01               0.000          -2.638e+01
  -20.000         270.000            8.766e-01           8.766e-01               0.000           8.766e-01               0.000          -2.625e+01
  -19.000         270.000            9.386e-01           9.386e-01               0.000           9.386e-01               0.000          -2.613e+01
  -18.000         270.000            9.974e-01           9.974e-01               0.000           9.974e-01               0.000          -2.601e+01
  -17.000         270.000            1.053e+00           1.053e+00               0.000           1.053e+00               0.000          -2.590e+01
  -16.000         270.000            1.105e+00           1.105e+00               0.000           1.105e+00               0.000          -2.579e+01
  -15.000         270.000            1.155e+00           1.155e+00               0.000           1.155e+00               0.000          -2.570e+01
  -14.000         270.000            1.201e+00           1.201e+00               0.000           1.201e+00               0.000          -2.560e+01
  -13.000         270.000            1.244e+00           1.244e+00               0.000           1.244e+00               0.000          -2.552e+01
  -12.000         270.000            1.284e+00           1.284e+00               0.000           1.284e+00               0.000          -2.544e+01
  -11.000         270.000            1.321e+00           1.321e+00               0.000           1.321e+00               0.000          -2.536e+01
  -10.000         270.000            1.355e+00           1.355e+00               0.000           1.355e+00               0.000          -2.530e+01
   -9.000         270.000            1.386e+00           1.386e+00               0.000           1.386e+00               0.000          -2.523e+01
   -8.000         270.000            1.413e+00           1.413e+00               0.000           1.413e+00               0.000          -2.518e+01
   -7.000         270.000            1.438e+00           1.438e+00               0.000           1.438e+00               0.000          -2.513e+01
   -6.000         270.000            1.460e+00           1.460e+00               0.000           1.460e+00               0.000          -2.508e+01
   -5.000         270.000            1.479e+00           1.479e+00               0.000           1.479e+00               0.000          -2.505e+01
   -4.000         270.000            1.495e+00           1.495e+00               0.000           1.495e+00               0.000          -2.502e+01
   -3.000         270.000            1.508e+00           1.508e+00               0.000           1.508e+00               0.000          -2.499e+01
   -2.000         270.000            1.518e+00           1.518e+00               0.000           1.518e+00               0.000          -2.497e+01
   -1.000         270.000            1.524e+00           1.524e+00               0.000           1.524e+00               0.000          -2.496e+01
   0.000          90.000            1.528e+00           1.528e+00               0.000           1.528e+00               0.000          -2.495e+01
