Theta [deg.]  Phi   [deg.]  Abs(Grlz)[dBi   ]   Abs(???  )[dBi   ]  Phase(???  )[deg.]  Abs(???  )[dBi   ]  Phase(???  )[deg.]  Ax.Ratio[dB    ]    
------------------------------------------------------------------------------------------------------------------------------------------------------
   0.000          90.000            1.626e+00           1.626e+00               0.000           1.626e+00               0.000          -2.475e+01     
   1.000          90.000            1.628e+00           1.628e+00               0.000           1.628e+00               0.000          -2.475e+01     
   2.000          90.000            1.627e+00           1.627e+00               0.000           1.627e+00               0.000          -2.475e+01     
   3.000          90.000            1.623e+00           1.623e+00               0.000           1.623e+00               0.000          -2.476e+01     
   4.000          90.000            1.616e+00           1.616e+00               0.000           1.616e+00               0.000          -2.477e+01     
   5.000          90.000            1.607e+00           1.607e+00               0.000           1.607e+00               0.000          -2.479e+01     
   6.000          90.000            1.594e+00           1.594e+00               0.000           1.594e+00               0.000          -2.482e+01     
   7.000          90.000            1.578e+00           1.578e+00               0.000           1.578e+00               0.000          -2.485e+01     
   8.000          90.000            1.559e+00           1.559e+00               0.000           1.559e+00               0.000          -2.489e+01     
   9.000          90.000            1.537e+00           1.537e+00               0.000           1.537e+00               0.000          -2.493e+01     
  10.000          90.000            1.513e+00           1.513e+00               0.000           1.513e+00               0.000          -2.498e+01     
  11.000          90.000            1.485e+00           1.485e+00               0.000           1.485e+00               0.000          -2.504e+01     
  12.000          90.000            1.454e+00           1.454e+00               0.000           1.454e+00               0.000          -2.510e+01     
  13.000          90.000            1.420e+00           1.420e+00               0.000           1.420e+00               0.000          -2.517e+01     
  14.000          90.000            1.382e+00           1.382e+00               0.000           1.382e+00               0.000          -2.524e+01     
  15.000          90.000            1.342e+00           1.342e+00               0.000           1.342e+00               0.000          -2.532e+01     
  16.000          90.000            1.299e+00           1.299e+00               0.000           1.299e+00               0.000          -2.541e+01     
  17.000          90.000            1.252e+00           1.252e+00               0.000           1.252e+00               0.000          -2.550e+01     
  18.000          90.000            1.202e+00           1.202e+00               0.000           1.202e+00               0.000          -2.560e+01     
  19.000          90.000            1.150e+00           1.150e+00               0.000           1.150e+00               0.000          -2.571e+01     
  20.000          90.000            1.093e+00           1.093e+00               0.000           1.093e+00               0.000          -2.582e+01     
  21.000          90.000            1.034e+00           1.034e+00               0.000           1.034e+00               0.000          -2.594e+01     
  22.000          90.000            9.712e-01           9.712e-01               0.000           9.712e-01               0.000          -2.606e+01     
  23.000          90.000            9.051e-01           9.051e-01               0.000           9.051e-01               0.000          -2.619e+01     
  24.000          90.000            8.357e-01           8.357e-01               0.000           8.357e-01               0.000          -2.633e+01     
  25.000          90.000            7.629e-01           7.629e-01               0.000           7.629e-01               0.000          -2.648e+01     
  26.000          90.000            6.866e-01           6.866e-01               0.000           6.866e-01               0.000          -2.663e+01     
  27.000          90.000            6.068e-01           6.068e-01               0.000           6.068e-01               0.000          -2.679e+01     
  28.000          90.000            5.235e-01           5.235e-01               0.000           5.235e-01               0.000          -2.696e+01     
  29.000          90.000            4.366e-01           4.366e-01               0.000           4.366e-01               0.000          -2.713e+01     
  30.000          90.000            3.460e-01           3.460e-01               0.000           3.460e-01               0.000          -2.731e+01     
  31.000          90.000            2.518e-01           2.518e-01               0.000           2.518e-01               0.000          -2.750e+01     
  32.000          90.000            1.537e-01           1.537e-01               0.000           1.537e-01               0.000          -2.770e+01     
  33.000          90.000            5.182e-02           5.182e-02               0.000           5.182e-02               0.000          -2.790e+01     
  34.000          90.000           -5.398e-02          -5.398e-02               0.000          -5.398e-02               0.000          -2.811e+01     
  35.000          90.000           -1.638e-01          -1.638e-01               0.000          -1.638e-01               0.000          -2.833e+01     
  36.000          90.000           -2.776e-01          -2.776e-01               0.000          -2.776e-01               0.000          -2.856e+01     
  37.000          90.000           -3.956e-01          -3.956e-01               0.000          -3.956e-01               0.000          -2.880e+01     
  38.000          90.000           -5.179e-01          -5.179e-01               0.000          -5.179e-01               0.000          -2.904e+01     
  39.000          90.000           -6.446e-01          -6.446e-01               0.000          -6.446e-01               0.000          -2.929e+01     
  40.000          90.000           -7.757e-01          -7.757e-01               0.000          -7.757e-01               0.000          -2.956e+01     
  41.000          90.000           -9.113e-01          -9.113e-01               0.000          -9.113e-01               0.000          -2.983e+01     
  42.000          90.000           -1.052e+00          -1.052e+00               0.000          -1.052e+00               0.000          -3.011e+01     
  43.000          90.000           -1.197e+00          -1.197e+00               0.000          -1.197e+00               0.000          -3.040e+01     
  44.000          90.000           -1.347e+00          -1.347e+00               0.000          -1.347e+00               0.000          -3.070e+01     
  45.000          90.000           -1.502e+00          -1.502e+00               0.000          -1.502e+00               0.000          -3.101e+01     
  46.000          90.000           -1.663e+00          -1.663e+00               0.000          -1.663e+00               0.000          -3.133e+01     
  47.000          90.000           -1.829e+00          -1.829e+00               0.000          -1.829e+00               0.000          -3.166e+01     
  48.000          90.000           -2.001e+00          -2.001e+00               0.000          -2.001e+00               0.000          -3.201e+01     
  49.000          90.000           -2.179e+00          -2.179e+00               0.000          -2.179e+00               0.000          -3.236e+01     
  50.000          90.000           -2.362e+00          -2.362e+00               0.000          -2.362e+00               0.000          -3.273e+01     
  51.000          90.000           -2.552e+00          -2.552e+00               0.000          -2.552e+00               0.000          -3.311e+01     
  52.000          90.000           -2.749e+00          -2.749e+00               0.000          -2.749e+00               0.000          -3.350e+01     
  53.000          90.000           -2.953e+00          -2.953e+00               0.000          -2.953e+00               0.000          -3.391e+01     
  54.000          90.000           -3.163e+00          -3.163e+00               0.000          -3.163e+00               0.000          -3.433e+01     
  55.000          90.000           -3.382e+00          -3.382e+00               0.000          -3.382e+00               0.000          -3.477e+01     
  56.000          90.000           -3.608e+00          -3.608e+00               0.000          -3.608e+00               0.000          -3.522e+01     
  57.000          90.000           -3.842e+00          -3.842e+00               0.000          -3.842e+00               0.000          -3.569e+01     
  58.000          90.000           -4.086e+00          -4.086e+00               0.000          -4.086e+00               0.000          -3.618e+01     
  59.000          90.000           -4.338e+00          -4.338e+00               0.000          -4.338e+00               0.000          -3.668e+01     
  60.000          90.000           -4.600e+00          -4.600e+00               0.000          -4.600e+00               0.000          -3.721e+01     
  61.000          90.000           -4.873e+00          -4.873e+00               0.000          -4.873e+00               0.000          -3.775e+01     
  62.000          90.000           -5.157e+00          -5.157e+00               0.000          -5.157e+00               0.000          -3.832e+01     
  63.000          90.000           -5.452e+00          -5.452e+00               0.000          -5.452e+00               0.000          -3.891e+01     
  64.000          90.000           -5.760e+00          -5.760e+00               0.000          -5.760e+00               0.000          -3.952e+01     
  65.000          90.000           -6.081e+00          -6.081e+00               0.000          -6.081e+00               0.000          -4.017e+01     
  66.000          90.000           -6.417e+00          -6.417e+00               0.000          -6.417e+00               0.000          -4.084e+01     
  67.000          90.000           -6.768e+00          -6.768e+00               0.000          -6.768e+00               0.000          -4.154e+01     
  68.000          90.000           -7.136e+00          -7.136e+00               0.000          -7.136e+00               0.000          -4.228e+01     
  69.000          90.000           -7.523e+00          -7.523e+00               0.000          -7.523e+00               0.000          -4.305e+01     
  70.000          90.000           -7.929e+00          -7.929e+00               0.000          -7.929e+00               0.000          -4.386e+01     
  71.000          90.000           -8.358e+00          -8.358e+00               0.000          -8.358e+00               0.000          -4.472e+01     
  72.000          90.000           -8.811e+00          -8.811e+00               0.000          -8.811e+00               0.000          -4.563e+01     
  73.000          90.000           -9.291e+00          -9.291e+00               0.000          -9.291e+00               0.000          -4.659e+01     
  74.000          90.000           -9.801e+00          -9.801e+00               0.000          -9.801e+00               0.000          -4.761e+01     
  75.000          90.000           -1.034e+01          -1.034e+01               0.000          -1.034e+01               0.000          -4.869e+01     
  76.000          90.000           -1.093e+01          -1.093e+01               0.000          -1.093e+01               0.000          -4.986e+01     
  77.000          90.000           -1.155e+01          -1.155e+01               0.000          -1.155e+01               0.000          -5.111e+01     
  78.000          90.000           -1.223e+01          -1.223e+01               0.000          -1.223e+01               0.000          -5.246e+01     
  79.000          90.000           -1.296e+01          -1.296e+01               0.000          -1.296e+01               0.000          -5.393e+01     
  80.000          90.000           -1.377e+01          -1.377e+01               0.000          -1.377e+01               0.000          -5.554e+01     
  81.000          90.000           -1.466e+01          -1.466e+01               0.000          -1.466e+01               0.000          -5.732e+01     
  82.000          90.000           -1.565e+01          -1.565e+01               0.000          -1.565e+01               0.000          -5.931e+01     
  83.000          90.000           -1.678e+01          -1.678e+01               0.000          -1.678e+01               0.000          -6.156e+01     
  84.000          90.000           -1.807e+01          -1.807e+01               0.000          -1.807e+01               0.000          -6.415e+01     
  85.000          90.000           -1.959e+01          -1.959e+01               0.000          -1.959e+01               0.000          -6.719e+01     
  86.000          90.000           -2.144e+01          -2.144e+01               0.000          -2.144e+01               0.000          -7.089e+01     
  87.000          90.000           -2.380e+01          -2.380e+01               0.000          -2.380e+01               0.000          -7.560e+01     
  88.000          90.000           -2.703e+01          -2.703e+01               0.000          -2.703e+01               0.000          -8.207e+01     
  89.000          90.000           -3.222e+01          -3.222e+01               0.000          -3.222e+01               0.000          -9.245e+01     
  90.000          90.000           -4.526e+01          -4.526e+01               0.000          -4.526e+01               0.000          -1.185e+02     
  91.000          90.000           -3.566e+01          -3.566e+01               0.000          -3.566e+01               0.000          -9.932e+01     
  92.000          90.000           -2.878e+01          -2.878e+01               0.000          -2.878e+01               0.000          -8.556e+01     
  93.000          90.000           -2.496e+01          -2.496e+01               0.000          -2.496e+01               0.000          -7.793e+01     
  94.000          90.000           -2.232e+01          -2.232e+01               0.000          -2.232e+01               0.000          -7.264e+01     
  95.000          90.000           -2.030e+01          -2.030e+01               0.000          -2.030e+01               0.000          -6.860e+01     
  96.000          90.000           -1.866e+01          -1.866e+01               0.000          -1.866e+01               0.000          -6.532e+01     
  97.000          90.000           -1.728e+01          -1.728e+01               0.000          -1.728e+01               0.000          -6.256e+01     
  98.000          90.000           -1.609e+01          -1.609e+01               0.000          -1.609e+01               0.000          -6.019e+01     
  99.000          90.000           -1.505e+01          -1.505e+01               0.000          -1.505e+01               0.000          -5.811e+01     
 100.000          90.000           -1.412e+01          -1.412e+01               0.000          -1.412e+01               0.000          -5.625e+01     
 101.000          90.000           -1.328e+01          -1.328e+01               0.000          -1.328e+01               0.000          -5.457e+01     
 102.000          90.000           -1.252e+01          -1.252e+01               0.000          -1.252e+01               0.000          -5.305e+01     
 103.000          90.000           -1.182e+01          -1.182e+01               0.000          -1.182e+01               0.000          -5.165e+01     
 104.000          90.000           -1.118e+01          -1.118e+01               0.000          -1.118e+01               0.000          -5.036e+01     
 105.000          90.000           -1.058e+01          -1.058e+01               0.000          -1.058e+01               0.000          -4.916e+01     
 106.000          90.000           -1.002e+01          -1.002e+01               0.000          -1.002e+01               0.000          -4.805e+01     
 107.000          90.000           -9.499e+00          -9.499e+00               0.000          -9.499e+00               0.000          -4.700e+01     
 108.000          90.000           -9.008e+00          -9.008e+00               0.000          -9.008e+00               0.000          -4.602e+01     
 109.000          90.000           -8.544e+00          -8.544e+00               0.000          -8.544e+00               0.000          -4.509e+01     
 110.000          90.000           -8.107e+00          -8.107e+00               0.000          -8.107e+00               0.000          -4.422e+01     
 111.000          90.000           -7.692e+00          -7.692e+00               0.000          -7.692e+00               0.000          -4.339e+01     
 112.000          90.000           -7.297e+00          -7.297e+00               0.000          -7.297e+00               0.000          -4.260e+01     
 113.000          90.000           -6.922e+00          -6.922e+00               0.000          -6.922e+00               0.000          -4.185e+01     
 114.000          90.000           -6.564e+00          -6.564e+00               0.000          -6.564e+00               0.000          -4.113e+01     
 115.000          90.000           -6.223e+00          -6.223e+00               0.000          -6.223e+00               0.000          -4.045e+01     
 116.000          90.000           -5.896e+00          -5.896e+00               0.000          -5.896e+00               0.000          -3.980e+01     
 117.000          90.000           -5.583e+00          -5.583e+00               0.000          -5.583e+00               0.000          -3.917e+01     
 118.000          90.000           -5.283e+00          -5.283e+00               0.000          -5.283e+00               0.000          -3.857e+01     
 119.000          90.000           -4.994e+00          -4.994e+00               0.000          -4.994e+00               0.000          -3.799e+01     
 120.000          90.000           -4.718e+00          -4.718e+00               0.000          -4.718e+00               0.000          -3.744e+01     
 121.000          90.000           -4.451e+00          -4.451e+00               0.000          -4.451e+00               0.000          -3.691e+01     
 122.000          90.000           -4.195e+00          -4.195e+00               0.000          -4.195e+00               0.000          -3.639e+01     
 123.000          90.000           -3.948e+00          -3.948e+00               0.000          -3.948e+00               0.000          -3.590e+01     
 124.000          90.000           -3.710e+00          -3.710e+00               0.000          -3.710e+00               0.000          -3.542e+01     
 125.000          90.000           -3.480e+00          -3.480e+00               0.000          -3.480e+00               0.000          -3.497e+01     
 126.000          90.000           -3.259e+00          -3.259e+00               0.000          -3.259e+00               0.000          -3.452e+01     
 127.000          90.000           -3.045e+00          -3.045e+00               0.000          -3.045e+00               0.000          -3.409e+01     
 128.000          90.000           -2.838e+00          -2.838e+00               0.000          -2.838e+00               0.000          -3.368e+01     
 129.000          90.000           -2.639e+00          -2.639e+00               0.000          -2.639e+00               0.000          -3.328e+01     
 130.000          90.000           -2.446e+00          -2.446e+00               0.000          -2.446e+00               0.000          -3.290e+01     
 131.000          90.000           -2.259e+00          -2.259e+00               0.000          -2.259e+00               0.000          -3.252e+01     
 132.000          90.000           -2.079e+00          -2.079e+00               0.000          -2.079e+00               0.000          -3.216e+01     
 133.000          90.000           -1.904e+00          -1.904e+00               0.000          -1.904e+00               0.000          -3.181e+01     
 134.000          90.000           -1.736e+00          -1.736e+00               0.000          -1.736e+00               0.000          -3.148e+01     
 135.000          90.000           -1.572e+00          -1.572e+00               0.000          -1.572e+00               0.000          -3.115e+01     
 136.000          90.000           -1.415e+00          -1.415e+00               0.000          -1.415e+00               0.000          -3.083e+01     
 137.000          90.000           -1.262e+00          -1.262e+00               0.000          -1.262e+00               0.000          -3.053e+01     
 138.000          90.000           -1.114e+00          -1.114e+00               0.000          -1.114e+00               0.000          -3.023e+01     
 139.000          90.000           -9.714e-01          -9.714e-01               0.000          -9.714e-01               0.000          -2.995e+01     
 140.000          90.000           -8.334e-01          -8.334e-01               0.000          -8.334e-01               0.000          -2.967e+01     
 141.000          90.000           -6.999e-01          -6.999e-01               0.000          -6.999e-01               0.000          -2.940e+01     
 142.000          90.000           -5.709e-01          -5.709e-01               0.000          -5.709e-01               0.000          -2.915e+01     
 143.000          90.000           -4.463e-01          -4.463e-01               0.000          -4.463e-01               0.000          -2.890e+01     
 144.000          90.000           -3.259e-01          -3.259e-01               0.000          -3.259e-01               0.000          -2.866e+01     
 145.000          90.000           -2.097e-01          -2.097e-01               0.000          -2.097e-01               0.000          -2.842e+01     
 146.000          90.000           -9.755e-02          -9.755e-02               0.000          -9.755e-02               0.000          -2.820e+01     
 147.000          90.000            1.059e-02           1.059e-02               0.000           1.059e-02               0.000          -2.798e+01     
 148.000          90.000            1.148e-01           1.148e-01               0.000           1.148e-01               0.000          -2.778e+01     
 149.000          90.000            2.152e-01           2.152e-01               0.000           2.152e-01               0.000          -2.757e+01     
 150.000          90.000            3.118e-01           3.118e-01               0.000           3.118e-01               0.000          -2.738e+01     
 151.000          90.000            4.048e-01           4.048e-01               0.000           4.048e-01               0.000          -2.720e+01     
 152.000          90.000            4.940e-01           4.940e-01               0.000           4.940e-01               0.000          -2.702e+01     
 153.000          90.000            5.797e-01           5.797e-01               0.000           5.797e-01               0.000          -2.685e+01     
 154.000          90.000            6.619e-01           6.619e-01               0.000           6.619e-01               0.000          -2.668e+01     
 155.000          90.000            7.406e-01           7.406e-01               0.000           7.406e-01               0.000          -2.652e+01     
 156.000          90.000            8.158e-01           8.158e-01               0.000           8.158e-01               0.000          -2.637e+01     
 157.000          90.000            8.877e-01           8.877e-01               0.000           8.877e-01               0.000          -2.623e+01     
 158.000          90.000            9.562e-01           9.562e-01               0.000           9.562e-01               0.000          -2.609e+01     
 159.000          90.000            1.021e+00           1.021e+00               0.000           1.021e+00               0.000          -2.596e+01     
 160.000          90.000            1.083e+00           1.083e+00               0.000           1.083e+00               0.000          -2.584e+01     
 161.000          90.000            1.142e+00           1.142e+00               0.000           1.142e+00               0.000          -2.572e+01     
 162.000          90.000            1.197e+00           1.197e+00               0.000           1.197e+00               0.000          -2.561e+01     
 163.000          90.000            1.250e+00           1.250e+00               0.000           1.250e+00               0.000          -2.551e+01     
 164.000          90.000            1.299e+00           1.299e+00               0.000           1.299e+00               0.000          -2.541e+01     
 165.000          90.000            1.345e+00           1.345e+00               0.000           1.345e+00               0.000          -2.532e+01     
 166.000          90.000            1.388e+00           1.388e+00               0.000           1.388e+00               0.000          -2.523e+01     
 167.000          90.000            1.427e+00           1.427e+00               0.000           1.427e+00               0.000          -2.515e+01     
 168.000          90.000            1.464e+00           1.464e+00               0.000           1.464e+00               0.000          -2.508e+01     
 169.000          90.000            1.498e+00           1.498e+00               0.000           1.498e+00               0.000          -2.501e+01     
 170.000          90.000            1.528e+00           1.528e+00               0.000           1.528e+00               0.000          -2.495e+01     
 171.000          90.000            1.556e+00           1.556e+00               0.000           1.556e+00               0.000          -2.489e+01     
 172.000          90.000            1.580e+00           1.580e+00               0.000           1.580e+00               0.000          -2.484e+01     
 173.000          90.000            1.602e+00           1.602e+00               0.000           1.602e+00               0.000          -2.480e+01     
 174.000          90.000            1.621e+00           1.621e+00               0.000           1.621e+00               0.000          -2.476e+01     
 175.000          90.000            1.636e+00           1.636e+00               0.000           1.636e+00               0.000          -2.473e+01     
 176.000          90.000            1.649e+00           1.649e+00               0.000           1.649e+00               0.000          -2.471e+01     
 177.000          90.000            1.658e+00           1.658e+00               0.000           1.658e+00               0.000          -2.469e+01     
 178.000          90.000            1.665e+00           1.665e+00               0.000           1.665e+00               0.000          -2.467e+01     
 179.000          90.000            1.669e+00           1.669e+00               0.000           1.669e+00               0.000          -2.467e+01     
 180.000          90.000            1.670e+00           1.670e+00               0.000           1.670e+00               0.000          -2.467e+01     
 -179.000         270.000            1.667e+00           1.667e+00               0.000           1.667e+00               0.000          -2.467e+01
 -178.000         270.000            1.662e+00           1.662e+00               0.000           1.662e+00               0.000          -2.468e+01
 -177.000         270.000            1.654e+00           1.654e+00               0.000           1.654e+00               0.000          -2.470e+01
 -176.000         270.000            1.643e+00           1.643e+00               0.000           1.643e+00               0.000          -2.472e+01
 -175.000         270.000            1.629e+00           1.629e+00               0.000           1.629e+00               0.000          -2.475e+01
 -174.000         270.000            1.612e+00           1.612e+00               0.000           1.612e+00               0.000          -2.478e+01
 -173.000         270.000            1.592e+00           1.592e+00               0.000           1.592e+00               0.000          -2.482e+01
 -172.000         270.000            1.569e+00           1.569e+00               0.000           1.569e+00               0.000          -2.487e+01
 -171.000         270.000            1.544e+00           1.544e+00               0.000           1.544e+00               0.000          -2.492e+01
 -170.000         270.000            1.515e+00           1.515e+00               0.000           1.515e+00               0.000          -2.498e+01
 -169.000         270.000            1.483e+00           1.483e+00               0.000           1.483e+00               0.000          -2.504e+01
 -168.000         270.000            1.448e+00           1.448e+00               0.000           1.448e+00               0.000          -2.511e+01
 -167.000         270.000            1.410e+00           1.410e+00               0.000           1.410e+00               0.000          -2.519e+01
 -166.000         270.000            1.369e+00           1.369e+00               0.000           1.369e+00               0.000          -2.527e+01
 -165.000         270.000            1.325e+00           1.325e+00               0.000           1.325e+00               0.000          -2.536e+01
 -164.000         270.000            1.278e+00           1.278e+00               0.000           1.278e+00               0.000          -2.545e+01
 -163.000         270.000            1.227e+00           1.227e+00               0.000           1.227e+00               0.000          -2.555e+01
 -162.000         270.000            1.174e+00           1.174e+00               0.000           1.174e+00               0.000          -2.566e+01
 -161.000         270.000            1.117e+00           1.117e+00               0.000           1.117e+00               0.000          -2.577e+01
 -160.000         270.000            1.058e+00           1.058e+00               0.000           1.058e+00               0.000          -2.589e+01
 -159.000         270.000            9.947e-01           9.947e-01               0.000           9.947e-01               0.000          -2.602e+01
 -158.000         270.000            9.285e-01           9.285e-01               0.000           9.285e-01               0.000          -2.615e+01
 -157.000         270.000            8.590e-01           8.590e-01               0.000           8.590e-01               0.000          -2.629e+01
 -156.000         270.000            7.863e-01           7.863e-01               0.000           7.863e-01               0.000          -2.643e+01
 -155.000         270.000            7.102e-01           7.102e-01               0.000           7.102e-01               0.000          -2.658e+01
 -154.000         270.000            6.307e-01           6.307e-01               0.000           6.307e-01               0.000          -2.674e+01
 -153.000         270.000            5.478e-01           5.478e-01               0.000           5.478e-01               0.000          -2.691e+01
 -152.000         270.000            4.614e-01           4.614e-01               0.000           4.614e-01               0.000          -2.708e+01
 -151.000         270.000            3.715e-01           3.715e-01               0.000           3.715e-01               0.000          -2.726e+01
 -150.000         270.000            2.780e-01           2.780e-01               0.000           2.780e-01               0.000          -2.745e+01
 -149.000         270.000            1.809e-01           1.809e-01               0.000           1.809e-01               0.000          -2.764e+01
 -148.000         270.000            8.012e-02           8.012e-02               0.000           8.012e-02               0.000          -2.784e+01
 -147.000         270.000           -2.443e-02          -2.443e-02               0.000          -2.443e-02               0.000          -2.805e+01
 -146.000         270.000           -1.328e-01          -1.328e-01               0.000          -1.328e-01               0.000          -2.827e+01
 -145.000         270.000           -2.451e-01          -2.451e-01               0.000          -2.451e-01               0.000          -2.849e+01
 -144.000         270.000           -3.613e-01          -3.613e-01               0.000          -3.613e-01               0.000          -2.873e+01
 -143.000         270.000           -4.816e-01          -4.816e-01               0.000          -4.816e-01               0.000          -2.897e+01
 -142.000         270.000           -6.061e-01          -6.061e-01               0.000          -6.061e-01               0.000          -2.922e+01
 -141.000         270.000           -7.348e-01          -7.348e-01               0.000          -7.348e-01               0.000          -2.947e+01
 -140.000         270.000           -8.679e-01          -8.679e-01               0.000          -8.679e-01               0.000          -2.974e+01
 -139.000         270.000           -1.005e+00          -1.005e+00               0.000          -1.005e+00               0.000          -3.002e+01
 -138.000         270.000           -1.148e+00          -1.148e+00               0.000          -1.148e+00               0.000          -3.030e+01
 -137.000         270.000           -1.294e+00          -1.294e+00               0.000          -1.294e+00               0.000          -3.059e+01
 -136.000         270.000           -1.446e+00          -1.446e+00               0.000          -1.446e+00               0.000          -3.090e+01
 -135.000         270.000           -1.603e+00          -1.603e+00               0.000          -1.603e+00               0.000          -3.121e+01
 -134.000         270.000           -1.764e+00          -1.764e+00               0.000          -1.764e+00               0.000          -3.153e+01
 -133.000         270.000           -1.932e+00          -1.932e+00               0.000          -1.932e+00               0.000          -3.187e+01
 -132.000         270.000           -2.104e+00          -2.104e+00               0.000          -2.104e+00               0.000          -3.221e+01
 -131.000         270.000           -2.283e+00          -2.283e+00               0.000          -2.283e+00               0.000          -3.257e+01
 -130.000         270.000           -2.467e+00          -2.467e+00               0.000          -2.467e+00               0.000          -3.294e+01
 -129.000         270.000           -2.657e+00          -2.657e+00               0.000          -2.657e+00               0.000          -3.332e+01
 -128.000         270.000           -2.854e+00          -2.854e+00               0.000          -2.854e+00               0.000          -3.371e+01
 -127.000         270.000           -3.058e+00          -3.058e+00               0.000          -3.058e+00               0.000          -3.412e+01
 -126.000         270.000           -3.268e+00          -3.268e+00               0.000          -3.268e+00               0.000          -3.454e+01
 -125.000         270.000           -3.486e+00          -3.486e+00               0.000          -3.486e+00               0.000          -3.498e+01
 -124.000         270.000           -3.711e+00          -3.711e+00               0.000          -3.711e+00               0.000          -3.543e+01
 -123.000         270.000           -3.945e+00          -3.945e+00               0.000          -3.945e+00               0.000          -3.589e+01
 -122.000         270.000           -4.187e+00          -4.187e+00               0.000          -4.187e+00               0.000          -3.638e+01
 -121.000         270.000           -4.437e+00          -4.437e+00               0.000          -4.437e+00               0.000          -3.688e+01
 -120.000         270.000           -4.698e+00          -4.698e+00               0.000          -4.698e+00               0.000          -3.740e+01
 -119.000         270.000           -4.968e+00          -4.968e+00               0.000          -4.968e+00               0.000          -3.794e+01
 -118.000         270.000           -5.249e+00          -5.249e+00               0.000          -5.249e+00               0.000          -3.850e+01
 -117.000         270.000           -5.541e+00          -5.541e+00               0.000          -5.541e+00               0.000          -3.909e+01
 -116.000         270.000           -5.845e+00          -5.845e+00               0.000          -5.845e+00               0.000          -3.969e+01
 -115.000         270.000           -6.162e+00          -6.162e+00               0.000          -6.162e+00               0.000          -4.033e+01
 -114.000         270.000           -6.493e+00          -6.493e+00               0.000          -6.493e+00               0.000          -4.099e+01
 -113.000         270.000           -6.839e+00          -6.839e+00               0.000          -6.839e+00               0.000          -4.168e+01
 -112.000         270.000           -7.201e+00          -7.201e+00               0.000          -7.201e+00               0.000          -4.241e+01
 -111.000         270.000           -7.580e+00          -7.580e+00               0.000          -7.580e+00               0.000          -4.317e+01
 -110.000         270.000           -7.979e+00          -7.979e+00               0.000          -7.979e+00               0.000          -4.396e+01
 -109.000         270.000           -8.398e+00          -8.398e+00               0.000          -8.398e+00               0.000          -4.480e+01
 -108.000         270.000           -8.841e+00          -8.841e+00               0.000          -8.841e+00               0.000          -4.569e+01
 -107.000         270.000           -9.309e+00          -9.309e+00               0.000          -9.309e+00               0.000          -4.662e+01
 -106.000         270.000           -9.806e+00          -9.806e+00               0.000          -9.806e+00               0.000          -4.762e+01
 -105.000         270.000           -1.033e+01          -1.033e+01               0.000          -1.033e+01               0.000          -4.867e+01
 -104.000         270.000           -1.090e+01          -1.090e+01               0.000          -1.090e+01               0.000          -4.980e+01
 -103.000         270.000           -1.150e+01          -1.150e+01               0.000          -1.150e+01               0.000          -5.101e+01
 -102.000         270.000           -1.216e+01          -1.216e+01               0.000          -1.216e+01               0.000          -5.232e+01
 -101.000         270.000           -1.286e+01          -1.286e+01               0.000          -1.286e+01               0.000          -5.373e+01
 -100.000         270.000           -1.363e+01          -1.363e+01               0.000          -1.363e+01               0.000          -5.527e+01
  -99.000         270.000           -1.448e+01          -1.448e+01               0.000          -1.448e+01               0.000          -5.697e+01
  -98.000         270.000           -1.542e+01          -1.542e+01               0.000          -1.542e+01               0.000          -5.885e+01
  -97.000         270.000           -1.648e+01          -1.648e+01               0.000          -1.648e+01               0.000          -6.096e+01
  -96.000         270.000           -1.768e+01          -1.768e+01               0.000          -1.768e+01               0.000          -6.337e+01
  -95.000         270.000           -1.908e+01          -1.908e+01               0.000          -1.908e+01               0.000          -6.617e+01
  -94.000         270.000           -2.075e+01          -2.075e+01               0.000          -2.075e+01               0.000          -6.951e+01
  -93.000         270.000           -2.282e+01          -2.282e+01               0.000          -2.282e+01               0.000          -7.364e+01
  -92.000         270.000           -2.552e+01          -2.552e+01               0.000          -2.552e+01               0.000          -7.905e+01
  -91.000         270.000           -2.941e+01          -2.941e+01               0.000          -2.941e+01               0.000          -8.683e+01
  -90.000         270.000           -3.602e+01          -3.602e+01               0.000          -3.602e+01               0.000          -1.000e+02
  -89.000         270.000           -3.923e+01          -3.923e+01               0.000          -3.923e+01               0.000          -1.065e+02
  -88.000         270.000           -3.123e+01          -3.123e+01               0.000          -3.123e+01               0.000          -9.047e+01
  -87.000         270.000           -2.668e+01          -2.668e+01               0.000          -2.668e+01               0.000          -8.136e+01
  -86.000         270.000           -2.366e+01          -2.366e+01               0.000          -2.366e+01               0.000          -7.532e+01
  -85.000         270.000           -2.141e+01          -2.141e+01               0.000          -2.141e+01               0.000          -7.082e+01
  -84.000         270.000           -1.962e+01          -1.962e+01               0.000          -1.962e+01               0.000          -6.725e+01
  -83.000         270.000           -1.814e+01          -1.814e+01               0.000          -1.814e+01               0.000          -6.429e+01
  -82.000         270.000           -1.688e+01          -1.688e+01               0.000          -1.688e+01               0.000          -6.176e+01
  -81.000         270.000           -1.577e+01          -1.577e+01               0.000          -1.577e+01               0.000          -5.955e+01
  -80.000         270.000           -1.479e+01          -1.479e+01               0.000          -1.479e+01               0.000          -5.759e+01
  -79.000         270.000           -1.392e+01          -1.392e+01               0.000          -1.392e+01               0.000          -5.584e+01
  -78.000         270.000           -1.312e+01          -1.312e+01               0.000          -1.312e+01               0.000          -5.425e+01
  -77.000         270.000           -1.239e+01          -1.239e+01               0.000          -1.239e+01               0.000          -5.279e+01
  -76.000         270.000           -1.173e+01          -1.173e+01               0.000          -1.173e+01               0.000          -5.146e+01
  -75.000         270.000           -1.110e+01          -1.110e+01               0.000          -1.110e+01               0.000          -5.021e+01
  -74.000         270.000           -1.053e+01          -1.053e+01               0.000          -1.053e+01               0.000          -4.906e+01
  -73.000         270.000           -9.988e+00          -9.988e+00               0.000          -9.988e+00               0.000          -4.798e+01
  -72.000         270.000           -9.481e+00          -9.481e+00               0.000          -9.481e+00               0.000          -4.697e+01
  -71.000         270.000           -9.004e+00          -9.004e+00               0.000          -9.004e+00               0.000          -4.601e+01
  -70.000         270.000           -8.553e+00          -8.553e+00               0.000          -8.553e+00               0.000          -4.511e+01
  -69.000         270.000           -8.126e+00          -8.126e+00               0.000          -8.126e+00               0.000          -4.426e+01
  -68.000         270.000           -7.721e+00          -7.721e+00               0.000          -7.721e+00               0.000          -4.345e+01
  -67.000         270.000           -7.335e+00          -7.335e+00               0.000          -7.335e+00               0.000          -4.268e+01
  -66.000         270.000           -6.968e+00          -6.968e+00               0.000          -6.968e+00               0.000          -4.194e+01
  -65.000         270.000           -6.617e+00          -6.617e+00               0.000          -6.617e+00               0.000          -4.124e+01
  -64.000         270.000           -6.281e+00          -6.281e+00               0.000          -6.281e+00               0.000          -4.057e+01
  -63.000         270.000           -5.960e+00          -5.960e+00               0.000          -5.960e+00               0.000          -3.992e+01
  -62.000         270.000           -5.652e+00          -5.652e+00               0.000          -5.652e+00               0.000          -3.931e+01
  -61.000         270.000           -5.356e+00          -5.356e+00               0.000          -5.356e+00               0.000          -3.872e+01
  -60.000         270.000           -5.072e+00          -5.072e+00               0.000          -5.072e+00               0.000          -3.815e+01
  -59.000         270.000           -4.798e+00          -4.798e+00               0.000          -4.798e+00               0.000          -3.760e+01
  -58.000         270.000           -4.535e+00          -4.535e+00               0.000          -4.535e+00               0.000          -3.708e+01
  -57.000         270.000           -4.282e+00          -4.282e+00               0.000          -4.282e+00               0.000          -3.657e+01
  -56.000         270.000           -4.037e+00          -4.037e+00               0.000          -4.037e+00               0.000          -3.608e+01
  -55.000         270.000           -3.801e+00          -3.801e+00               0.000          -3.801e+00               0.000          -3.561e+01
  -54.000         270.000           -3.573e+00          -3.573e+00               0.000          -3.573e+00               0.000          -3.515e+01
  -53.000         270.000           -3.353e+00          -3.353e+00               0.000          -3.353e+00               0.000          -3.471e+01
  -52.000         270.000           -3.141e+00          -3.141e+00               0.000          -3.141e+00               0.000          -3.429e+01
  -51.000         270.000           -2.935e+00          -2.935e+00               0.000          -2.935e+00               0.000          -3.388e+01
  -50.000         270.000           -2.736e+00          -2.736e+00               0.000          -2.736e+00               0.000          -3.348e+01
  -49.000         270.000           -2.544e+00          -2.544e+00               0.000          -2.544e+00               0.000          -3.309e+01
  -48.000         270.000           -2.358e+00          -2.358e+00               0.000          -2.358e+00               0.000          -3.272e+01
  -47.000         270.000           -2.178e+00          -2.178e+00               0.000          -2.178e+00               0.000          -3.236e+01
  -46.000         270.000           -2.004e+00          -2.004e+00               0.000          -2.004e+00               0.000          -3.201e+01
  -45.000         270.000           -1.835e+00          -1.835e+00               0.000          -1.835e+00               0.000          -3.168e+01
  -44.000         270.000           -1.672e+00          -1.672e+00               0.000          -1.672e+00               0.000          -3.135e+01
  -43.000         270.000           -1.514e+00          -1.514e+00               0.000          -1.514e+00               0.000          -3.103e+01
  -42.000         270.000           -1.361e+00          -1.361e+00               0.000          -1.361e+00               0.000          -3.073e+01
  -41.000         270.000           -1.213e+00          -1.213e+00               0.000          -1.213e+00               0.000          -3.043e+01
  -40.000         270.000           -1.070e+00          -1.070e+00               0.000          -1.070e+00               0.000          -3.014e+01
  -39.000         270.000           -9.309e-01          -9.309e-01               0.000          -9.309e-01               0.000          -2.987e+01
  -38.000         270.000           -7.967e-01          -7.967e-01               0.000          -7.967e-01               0.000          -2.960e+01
  -37.000         270.000           -6.669e-01          -6.669e-01               0.000          -6.669e-01               0.000          -2.934e+01
  -36.000         270.000           -5.414e-01          -5.414e-01               0.000          -5.414e-01               0.000          -2.909e+01
  -35.000         270.000           -4.201e-01          -4.201e-01               0.000          -4.201e-01               0.000          -2.885e+01
  -34.000         270.000           -3.029e-01          -3.029e-01               0.000          -3.029e-01               0.000          -2.861e+01
  -33.000         270.000           -1.897e-01          -1.897e-01               0.000          -1.897e-01               0.000          -2.838e+01
  -32.000         270.000           -8.044e-02          -8.044e-02               0.000          -8.044e-02               0.000          -2.817e+01
  -31.000         270.000            2.497e-02           2.497e-02               0.000           2.497e-02               0.000          -2.795e+01
  -30.000         270.000            1.266e-01           1.266e-01               0.000           1.266e-01               0.000          -2.775e+01
  -29.000         270.000            2.245e-01           2.245e-01               0.000           2.245e-01               0.000          -2.756e+01
  -28.000         270.000            3.187e-01           3.187e-01               0.000           3.187e-01               0.000          -2.737e+01
  -27.000         270.000            4.094e-01           4.094e-01               0.000           4.094e-01               0.000          -2.719e+01
  -26.000         270.000            4.965e-01           4.965e-01               0.000           4.965e-01               0.000          -2.701e+01
  -25.000         270.000            5.801e-01           5.801e-01               0.000           5.801e-01               0.000          -2.684e+01
  -24.000         270.000            6.602e-01           6.602e-01               0.000           6.602e-01               0.000          -2.668e+01
  -23.000         270.000            7.369e-01           7.369e-01               0.000           7.369e-01               0.000          -2.653e+01
  -22.000         270.000            8.103e-01           8.103e-01               0.000           8.103e-01               0.000          -2.638e+01
  -21.000         270.000            8.803e-01           8.803e-01               0.000           8.803e-01               0.000          -2.624e+01
  -20.000         270.000            9.470e-01           9.470e-01               0.000           9.470e-01               0.000          -2.611e+01
  -19.000         270.000            1.011e+00           1.011e+00               0.000           1.011e+00               0.000          -2.598e+01
  -18.000         270.000            1.071e+00           1.071e+00               0.000           1.071e+00               0.000          -2.586e+01
  -17.000         270.000            1.128e+00           1.128e+00               0.000           1.128e+00               0.000          -2.575e+01
  -16.000         270.000            1.182e+00           1.182e+00               0.000           1.182e+00               0.000          -2.564e+01
  -15.000         270.000            1.232e+00           1.232e+00               0.000           1.232e+00               0.000          -2.554e+01
  -14.000         270.000            1.280e+00           1.280e+00               0.000           1.280e+00               0.000          -2.545e+01
  -13.000         270.000            1.324e+00           1.324e+00               0.000           1.324e+00               0.000          -2.536e+01
  -12.000         270.000            1.366e+00           1.366e+00               0.000           1.366e+00               0.000          -2.527e+01
  -11.000         270.000            1.404e+00           1.404e+00               0.000           1.404e+00               0.000          -2.520e+01
  -10.000         270.000            1.439e+00           1.439e+00               0.000           1.439e+00               0.000          -2.513e+01
   -9.000         270.000            1.471e+00           1.471e+00               0.000           1.471e+00               0.000          -2.506e+01
   -8.000         270.000            1.501e+00           1.501e+00               0.000           1.501e+00               0.000          -2.500e+01
   -7.000         270.000            1.527e+00           1.527e+00               0.000           1.527e+00               0.000          -2.495e+01
   -6.000         270.000            1.550e+00           1.550e+00               0.000           1.550e+00               0.000          -2.491e+01
   -5.000         270.000            1.570e+00           1.570e+00               0.000           1.570e+00               0.000          -2.486e+01
   -4.000         270.000            1.587e+00           1.587e+00               0.000           1.587e+00               0.000          -2.483e+01
   -3.000         270.000            1.601e+00           1.601e+00               0.000           1.601e+00               0.000          -2.480e+01
   -2.000         270.000            1.612e+00           1.612e+00               0.000           1.612e+00               0.000          -2.478e+01
   -1.000         270.000            1.620e+00           1.620e+00               0.000           1.620e+00               0.000          -2.476e+01
   0.000          90.000            1.626e+00           1.626e+00               0.000           1.626e+00               0.000          -2.475e+01
