Theta [deg.]  Phi   [deg.]  Abs(Grlz)[dBi   ]   Abs(???  )[dBi   ]  Phase(???  )[deg.]  Abs(???  )[dBi   ]  Phase(???  )[deg.]  Ax.Ratio[dB    ]    
------------------------------------------------------------------------------------------------------------------------------------------------------
   0.000          90.000            2.071e+00           2.071e+00               0.000           2.071e+00               0.000          -2.386e+01     
   1.000          90.000            2.073e+00           2.073e+00               0.000           2.073e+00               0.000          -2.386e+01     
   2.000          90.000            2.072e+00           2.072e+00               0.000           2.072e+00               0.000          -2.386e+01     
   3.000          90.000            2.067e+00           2.067e+00               0.000           2.067e+00               0.000          -2.387e+01     
   4.000          90.000            2.060e+00           2.060e+00               0.000           2.060e+00               0.000          -2.389e+01     
   5.000          90.000            2.049e+00           2.049e+00               0.000           2.049e+00               0.000          -2.391e+01     
   6.000          90.000            2.036e+00           2.036e+00               0.000           2.036e+00               0.000          -2.393e+01     
   7.000          90.000            2.019e+00           2.019e+00               0.000           2.019e+00               0.000          -2.397e+01     
   8.000          90.000            2.000e+00           2.000e+00               0.000           2.000e+00               0.000          -2.400e+01     
   9.000          90.000            1.978e+00           1.978e+00               0.000           1.978e+00               0.000          -2.405e+01     
  10.000          90.000            1.952e+00           1.952e+00               0.000           1.952e+00               0.000          -2.410e+01     
  11.000          90.000            1.924e+00           1.924e+00               0.000           1.924e+00               0.000          -2.416e+01     
  12.000          90.000            1.892e+00           1.892e+00               0.000           1.892e+00               0.000          -2.422e+01     
  13.000          90.000            1.857e+00           1.857e+00               0.000           1.857e+00               0.000          -2.429e+01     
  14.000          90.000            1.820e+00           1.820e+00               0.000           1.820e+00               0.000          -2.437e+01     
  15.000          90.000            1.779e+00           1.779e+00               0.000           1.779e+00               0.000          -2.445e+01     
  16.000          90.000            1.735e+00           1.735e+00               0.000           1.735e+00               0.000          -2.453e+01     
  17.000          90.000            1.688e+00           1.688e+00               0.000           1.688e+00               0.000          -2.463e+01     
  18.000          90.000            1.638e+00           1.638e+00               0.000           1.638e+00               0.000          -2.473e+01     
  19.000          90.000            1.584e+00           1.584e+00               0.000           1.584e+00               0.000          -2.484e+01     
  20.000          90.000            1.527e+00           1.527e+00               0.000           1.527e+00               0.000          -2.495e+01     
  21.000          90.000            1.467e+00           1.467e+00               0.000           1.467e+00               0.000          -2.507e+01     
  22.000          90.000            1.404e+00           1.404e+00               0.000           1.404e+00               0.000          -2.520e+01     
  23.000          90.000            1.338e+00           1.338e+00               0.000           1.338e+00               0.000          -2.533e+01     
  24.000          90.000            1.268e+00           1.268e+00               0.000           1.268e+00               0.000          -2.547e+01     
  25.000          90.000            1.194e+00           1.194e+00               0.000           1.194e+00               0.000          -2.562e+01     
  26.000          90.000            1.118e+00           1.118e+00               0.000           1.118e+00               0.000          -2.577e+01     
  27.000          90.000            1.037e+00           1.037e+00               0.000           1.037e+00               0.000          -2.593e+01     
  28.000          90.000            9.534e-01           9.534e-01               0.000           9.534e-01               0.000          -2.610e+01     
  29.000          90.000            8.660e-01           8.660e-01               0.000           8.660e-01               0.000          -2.627e+01     
  30.000          90.000            7.749e-01           7.749e-01               0.000           7.749e-01               0.000          -2.645e+01     
  31.000          90.000            6.802e-01           6.802e-01               0.000           6.802e-01               0.000          -2.664e+01     
  32.000          90.000            5.816e-01           5.816e-01               0.000           5.816e-01               0.000          -2.684e+01     
  33.000          90.000            4.793e-01           4.793e-01               0.000           4.793e-01               0.000          -2.705e+01     
  34.000          90.000            3.730e-01           3.730e-01               0.000           3.730e-01               0.000          -2.726e+01     
  35.000          90.000            2.627e-01           2.627e-01               0.000           2.627e-01               0.000          -2.748e+01     
  36.000          90.000            1.484e-01           1.484e-01               0.000           1.484e-01               0.000          -2.771e+01     
  37.000          90.000            2.988e-02           2.988e-02               0.000           2.988e-02               0.000          -2.795e+01     
  38.000          90.000           -9.286e-02          -9.286e-02               0.000          -9.286e-02               0.000          -2.819e+01     
  39.000          90.000           -2.200e-01          -2.200e-01               0.000          -2.200e-01               0.000          -2.844e+01     
  40.000          90.000           -3.515e-01          -3.515e-01               0.000          -3.515e-01               0.000          -2.871e+01     
  41.000          90.000           -4.877e-01          -4.877e-01               0.000          -4.877e-01               0.000          -2.898e+01     
  42.000          90.000           -6.285e-01          -6.285e-01               0.000          -6.285e-01               0.000          -2.926e+01     
  43.000          90.000           -7.742e-01          -7.742e-01               0.000          -7.742e-01               0.000          -2.955e+01     
  44.000          90.000           -9.249e-01          -9.249e-01               0.000          -9.249e-01               0.000          -2.985e+01     
  45.000          90.000           -1.081e+00          -1.081e+00               0.000          -1.081e+00               0.000          -3.017e+01     
  46.000          90.000           -1.242e+00          -1.242e+00               0.000          -1.242e+00               0.000          -3.049e+01     
  47.000          90.000           -1.408e+00          -1.408e+00               0.000          -1.408e+00               0.000          -3.082e+01     
  48.000          90.000           -1.581e+00          -1.581e+00               0.000          -1.581e+00               0.000          -3.117e+01     
  49.000          90.000           -1.759e+00          -1.759e+00               0.000          -1.759e+00               0.000          -3.152e+01     
  50.000          90.000           -1.943e+00          -1.943e+00               0.000          -1.943e+00               0.000          -3.189e+01     
  51.000          90.000           -2.134e+00          -2.134e+00               0.000          -2.134e+00               0.000          -3.227e+01     
  52.000          90.000           -2.331e+00          -2.331e+00               0.000          -2.331e+00               0.000          -3.267e+01     
  53.000          90.000           -2.535e+00          -2.535e+00               0.000          -2.535e+00               0.000          -3.307e+01     
  54.000          90.000           -2.746e+00          -2.746e+00               0.000          -2.746e+00               0.000          -3.350e+01     
  55.000          90.000           -2.965e+00          -2.965e+00               0.000          -2.965e+00               0.000          -3.393e+01     
  56.000          90.000           -3.192e+00          -3.192e+00               0.000          -3.192e+00               0.000          -3.439e+01     
  57.000          90.000           -3.427e+00          -3.427e+00               0.000          -3.427e+00               0.000          -3.486e+01     
  58.000          90.000           -3.670e+00          -3.670e+00               0.000          -3.670e+00               0.000          -3.535e+01     
  59.000          90.000           -3.924e+00          -3.924e+00               0.000          -3.924e+00               0.000          -3.585e+01     
  60.000          90.000           -4.186e+00          -4.186e+00               0.000          -4.186e+00               0.000          -3.638e+01     
  61.000          90.000           -4.460e+00          -4.460e+00               0.000          -4.460e+00               0.000          -3.692e+01     
  62.000          90.000           -4.744e+00          -4.744e+00               0.000          -4.744e+00               0.000          -3.749e+01     
  63.000          90.000           -5.040e+00          -5.040e+00               0.000          -5.040e+00               0.000          -3.808e+01     
  64.000          90.000           -5.348e+00          -5.348e+00               0.000          -5.348e+00               0.000          -3.870e+01     
  65.000          90.000           -5.670e+00          -5.670e+00               0.000          -5.670e+00               0.000          -3.935e+01     
  66.000          90.000           -6.007e+00          -6.007e+00               0.000          -6.007e+00               0.000          -4.002e+01     
  67.000          90.000           -6.359e+00          -6.359e+00               0.000          -6.359e+00               0.000          -4.072e+01     
  68.000          90.000           -6.728e+00          -6.728e+00               0.000          -6.728e+00               0.000          -4.146e+01     
  69.000          90.000           -7.115e+00          -7.115e+00               0.000          -7.115e+00               0.000          -4.223e+01     
  70.000          90.000           -7.522e+00          -7.522e+00               0.000          -7.522e+00               0.000          -4.305e+01     
  71.000          90.000           -7.952e+00          -7.952e+00               0.000          -7.952e+00               0.000          -4.391e+01     
  72.000          90.000           -8.406e+00          -8.406e+00               0.000          -8.406e+00               0.000          -4.482e+01     
  73.000          90.000           -8.887e+00          -8.887e+00               0.000          -8.887e+00               0.000          -4.578e+01     
  74.000          90.000           -9.398e+00          -9.398e+00               0.000          -9.398e+00               0.000          -4.680e+01     
  75.000          90.000           -9.943e+00          -9.943e+00               0.000          -9.943e+00               0.000          -4.789e+01     
  76.000          90.000           -1.053e+01          -1.053e+01               0.000          -1.053e+01               0.000          -4.906e+01     
  77.000          90.000           -1.115e+01          -1.115e+01               0.000          -1.115e+01               0.000          -5.031e+01     
  78.000          90.000           -1.183e+01          -1.183e+01               0.000          -1.183e+01               0.000          -5.167e+01     
  79.000          90.000           -1.257e+01          -1.257e+01               0.000          -1.257e+01               0.000          -5.315e+01     
  80.000          90.000           -1.338e+01          -1.338e+01               0.000          -1.338e+01               0.000          -5.476e+01     
  81.000          90.000           -1.427e+01          -1.427e+01               0.000          -1.427e+01               0.000          -5.655e+01     
  82.000          90.000           -1.527e+01          -1.527e+01               0.000          -1.527e+01               0.000          -5.854e+01     
  83.000          90.000           -1.640e+01          -1.640e+01               0.000          -1.640e+01               0.000          -6.080e+01     
  84.000          90.000           -1.770e+01          -1.770e+01               0.000          -1.770e+01               0.000          -6.340e+01     
  85.000          90.000           -1.923e+01          -1.923e+01               0.000          -1.923e+01               0.000          -6.646e+01     
  86.000          90.000           -2.109e+01          -2.109e+01               0.000          -2.109e+01               0.000          -7.018e+01     
  87.000          90.000           -2.345e+01          -2.345e+01               0.000          -2.345e+01               0.000          -7.490e+01     
  88.000          90.000           -2.669e+01          -2.669e+01               0.000          -2.669e+01               0.000          -8.139e+01     
  89.000          90.000           -3.183e+01          -3.183e+01               0.000          -3.183e+01               0.000          -9.166e+01     
  90.000          90.000           -4.176e+01          -4.176e+01               0.000          -4.176e+01               0.000          -1.115e+02     
  91.000          90.000           -3.430e+01          -3.430e+01               0.000          -3.430e+01               0.000          -9.661e+01     
  92.000          90.000           -2.804e+01          -2.804e+01               0.000          -2.804e+01               0.000          -8.408e+01     
  93.000          90.000           -2.436e+01          -2.436e+01               0.000          -2.436e+01               0.000          -7.673e+01     
  94.000          90.000           -2.177e+01          -2.177e+01               0.000          -2.177e+01               0.000          -7.155e+01     
  95.000          90.000           -1.978e+01          -1.978e+01               0.000          -1.978e+01               0.000          -6.756e+01     
  96.000          90.000           -1.816e+01          -1.816e+01               0.000          -1.816e+01               0.000          -6.432e+01     
  97.000          90.000           -1.679e+01          -1.679e+01               0.000          -1.679e+01               0.000          -6.159e+01     
  98.000          90.000           -1.562e+01          -1.562e+01               0.000          -1.562e+01               0.000          -5.924e+01     
  99.000          90.000           -1.458e+01          -1.458e+01               0.000          -1.458e+01               0.000          -5.717e+01     
 100.000          90.000           -1.366e+01          -1.366e+01               0.000          -1.366e+01               0.000          -5.532e+01     
 101.000          90.000           -1.282e+01          -1.282e+01               0.000          -1.282e+01               0.000          -5.365e+01     
 102.000          90.000           -1.207e+01          -1.207e+01               0.000          -1.207e+01               0.000          -5.214e+01     
 103.000          90.000           -1.137e+01          -1.137e+01               0.000          -1.137e+01               0.000          -5.074e+01     
 104.000          90.000           -1.073e+01          -1.073e+01               0.000          -1.073e+01               0.000          -4.946e+01     
 105.000          90.000           -1.013e+01          -1.013e+01               0.000          -1.013e+01               0.000          -4.826e+01     
 106.000          90.000           -9.573e+00          -9.573e+00               0.000          -9.573e+00               0.000          -4.715e+01     
 107.000          90.000           -9.052e+00          -9.052e+00               0.000          -9.052e+00               0.000          -4.611e+01     
 108.000          90.000           -8.562e+00          -8.562e+00               0.000          -8.562e+00               0.000          -4.513e+01     
 109.000          90.000           -8.100e+00          -8.100e+00               0.000          -8.100e+00               0.000          -4.420e+01     
 110.000          90.000           -7.663e+00          -7.663e+00               0.000          -7.663e+00               0.000          -4.333e+01     
 111.000          90.000           -7.249e+00          -7.249e+00               0.000          -7.249e+00               0.000          -4.250e+01     
 112.000          90.000           -6.856e+00          -6.856e+00               0.000          -6.856e+00               0.000          -4.172e+01     
 113.000          90.000           -6.481e+00          -6.481e+00               0.000          -6.481e+00               0.000          -4.097e+01     
 114.000          90.000           -6.124e+00          -6.124e+00               0.000          -6.124e+00               0.000          -4.025e+01     
 115.000          90.000           -5.783e+00          -5.783e+00               0.000          -5.783e+00               0.000          -3.957e+01     
 116.000          90.000           -5.457e+00          -5.457e+00               0.000          -5.457e+00               0.000          -3.892e+01     
 117.000          90.000           -5.144e+00          -5.144e+00               0.000          -5.144e+00               0.000          -3.829e+01     
 118.000          90.000           -4.844e+00          -4.844e+00               0.000          -4.844e+00               0.000          -3.769e+01     
 119.000          90.000           -4.556e+00          -4.556e+00               0.000          -4.556e+00               0.000          -3.712e+01     
 120.000          90.000           -4.280e+00          -4.280e+00               0.000          -4.280e+00               0.000          -3.656e+01     
 121.000          90.000           -4.014e+00          -4.014e+00               0.000          -4.014e+00               0.000          -3.603e+01     
 122.000          90.000           -3.758e+00          -3.758e+00               0.000          -3.758e+00               0.000          -3.552e+01     
 123.000          90.000           -3.511e+00          -3.511e+00               0.000          -3.511e+00               0.000          -3.503e+01     
 124.000          90.000           -3.273e+00          -3.273e+00               0.000          -3.273e+00               0.000          -3.455e+01     
 125.000          90.000           -3.044e+00          -3.044e+00               0.000          -3.044e+00               0.000          -3.409e+01     
 126.000          90.000           -2.822e+00          -2.822e+00               0.000          -2.822e+00               0.000          -3.365e+01     
 127.000          90.000           -2.609e+00          -2.609e+00               0.000          -2.609e+00               0.000          -3.322e+01     
 128.000          90.000           -2.402e+00          -2.402e+00               0.000          -2.402e+00               0.000          -3.281e+01     
 129.000          90.000           -2.203e+00          -2.203e+00               0.000          -2.203e+00               0.000          -3.241e+01     
 130.000          90.000           -2.010e+00          -2.010e+00               0.000          -2.010e+00               0.000          -3.202e+01     
 131.000          90.000           -1.823e+00          -1.823e+00               0.000          -1.823e+00               0.000          -3.165e+01     
 132.000          90.000           -1.643e+00          -1.643e+00               0.000          -1.643e+00               0.000          -3.129e+01     
 133.000          90.000           -1.469e+00          -1.469e+00               0.000          -1.469e+00               0.000          -3.094e+01     
 134.000          90.000           -1.300e+00          -1.300e+00               0.000          -1.300e+00               0.000          -3.060e+01     
 135.000          90.000           -1.137e+00          -1.137e+00               0.000          -1.137e+00               0.000          -3.028e+01     
 136.000          90.000           -9.789e-01          -9.789e-01               0.000          -9.789e-01               0.000          -2.996e+01     
 137.000          90.000           -8.262e-01          -8.262e-01               0.000          -8.262e-01               0.000          -2.966e+01     
 138.000          90.000           -6.786e-01          -6.786e-01               0.000          -6.786e-01               0.000          -2.936e+01     
 139.000          90.000           -5.357e-01          -5.357e-01               0.000          -5.357e-01               0.000          -2.908e+01     
 140.000          90.000           -3.976e-01          -3.976e-01               0.000          -3.976e-01               0.000          -2.880e+01     
 141.000          90.000           -2.641e-01          -2.641e-01               0.000          -2.641e-01               0.000          -2.853e+01     
 142.000          90.000           -1.351e-01          -1.351e-01               0.000          -1.351e-01               0.000          -2.827e+01     
 143.000          90.000           -1.041e-02          -1.041e-02               0.000          -1.041e-02               0.000          -2.803e+01     
 144.000          90.000            1.100e-01           1.100e-01               0.000           1.100e-01               0.000          -2.778e+01     
 145.000          90.000            2.263e-01           2.263e-01               0.000           2.263e-01               0.000          -2.755e+01     
 146.000          90.000            3.385e-01           3.385e-01               0.000           3.385e-01               0.000          -2.733e+01     
 147.000          90.000            4.467e-01           4.467e-01               0.000           4.467e-01               0.000          -2.711e+01     
 148.000          90.000            5.510e-01           5.510e-01               0.000           5.510e-01               0.000          -2.690e+01     
 149.000          90.000            6.515e-01           6.515e-01               0.000           6.515e-01               0.000          -2.670e+01     
 150.000          90.000            7.482e-01           7.482e-01               0.000           7.482e-01               0.000          -2.651e+01     
 151.000          90.000            8.412e-01           8.412e-01               0.000           8.412e-01               0.000          -2.632e+01     
 152.000          90.000            9.306e-01           9.306e-01               0.000           9.306e-01               0.000          -2.614e+01     
 153.000          90.000            1.016e+00           1.016e+00               0.000           1.016e+00               0.000          -2.597e+01     
 154.000          90.000            1.099e+00           1.099e+00               0.000           1.099e+00               0.000          -2.581e+01     
 155.000          90.000            1.177e+00           1.177e+00               0.000           1.177e+00               0.000          -2.565e+01     
 156.000          90.000            1.253e+00           1.253e+00               0.000           1.253e+00               0.000          -2.550e+01     
 157.000          90.000            1.325e+00           1.325e+00               0.000           1.325e+00               0.000          -2.536e+01     
 158.000          90.000            1.393e+00           1.393e+00               0.000           1.393e+00               0.000          -2.522e+01     
 159.000          90.000            1.459e+00           1.459e+00               0.000           1.459e+00               0.000          -2.509e+01     
 160.000          90.000            1.521e+00           1.521e+00               0.000           1.521e+00               0.000          -2.496e+01     
 161.000          90.000            1.580e+00           1.580e+00               0.000           1.580e+00               0.000          -2.485e+01     
 162.000          90.000            1.635e+00           1.635e+00               0.000           1.635e+00               0.000          -2.473e+01     
 163.000          90.000            1.688e+00           1.688e+00               0.000           1.688e+00               0.000          -2.463e+01     
 164.000          90.000            1.737e+00           1.737e+00               0.000           1.737e+00               0.000          -2.453e+01     
 165.000          90.000            1.783e+00           1.783e+00               0.000           1.783e+00               0.000          -2.444e+01     
 166.000          90.000            1.826e+00           1.826e+00               0.000           1.826e+00               0.000          -2.435e+01     
 167.000          90.000            1.866e+00           1.866e+00               0.000           1.866e+00               0.000          -2.427e+01     
 168.000          90.000            1.903e+00           1.903e+00               0.000           1.903e+00               0.000          -2.420e+01     
 169.000          90.000            1.936e+00           1.936e+00               0.000           1.936e+00               0.000          -2.413e+01     
 170.000          90.000            1.967e+00           1.967e+00               0.000           1.967e+00               0.000          -2.407e+01     
 171.000          90.000            1.995e+00           1.995e+00               0.000           1.995e+00               0.000          -2.401e+01     
 172.000          90.000            2.020e+00           2.020e+00               0.000           2.020e+00               0.000          -2.397e+01     
 173.000          90.000            2.041e+00           2.041e+00               0.000           2.041e+00               0.000          -2.392e+01     
 174.000          90.000            2.060e+00           2.060e+00               0.000           2.060e+00               0.000          -2.388e+01     
 175.000          90.000            2.076e+00           2.076e+00               0.000           2.076e+00               0.000          -2.385e+01     
 176.000          90.000            2.089e+00           2.089e+00               0.000           2.089e+00               0.000          -2.383e+01     
 177.000          90.000            2.099e+00           2.099e+00               0.000           2.099e+00               0.000          -2.381e+01     
 178.000          90.000            2.106e+00           2.106e+00               0.000           2.106e+00               0.000          -2.379e+01     
 179.000          90.000            2.109e+00           2.109e+00               0.000           2.109e+00               0.000          -2.379e+01     
 180.000          90.000            2.110e+00           2.110e+00               0.000           2.110e+00               0.000          -2.378e+01     
 -179.000         270.000            2.108e+00           2.108e+00               0.000           2.108e+00               0.000          -2.379e+01
 -178.000         270.000            2.104e+00           2.104e+00               0.000           2.104e+00               0.000          -2.380e+01
 -177.000         270.000            2.096e+00           2.096e+00               0.000           2.096e+00               0.000          -2.381e+01
 -176.000         270.000            2.085e+00           2.085e+00               0.000           2.085e+00               0.000          -2.384e+01
 -175.000         270.000            2.071e+00           2.071e+00               0.000           2.071e+00               0.000          -2.386e+01
 -174.000         270.000            2.054e+00           2.054e+00               0.000           2.054e+00               0.000          -2.390e+01
 -173.000         270.000            2.034e+00           2.034e+00               0.000           2.034e+00               0.000          -2.394e+01
 -172.000         270.000            2.012e+00           2.012e+00               0.000           2.012e+00               0.000          -2.398e+01
 -171.000         270.000            1.986e+00           1.986e+00               0.000           1.986e+00               0.000          -2.403e+01
 -170.000         270.000            1.957e+00           1.957e+00               0.000           1.957e+00               0.000          -2.409e+01
 -169.000         270.000            1.926e+00           1.926e+00               0.000           1.926e+00               0.000          -2.415e+01
 -168.000         270.000            1.891e+00           1.891e+00               0.000           1.891e+00               0.000          -2.422e+01
 -167.000         270.000            1.853e+00           1.853e+00               0.000           1.853e+00               0.000          -2.430e+01
 -166.000         270.000            1.812e+00           1.812e+00               0.000           1.812e+00               0.000          -2.438e+01
 -165.000         270.000            1.768e+00           1.768e+00               0.000           1.768e+00               0.000          -2.447e+01
 -164.000         270.000            1.721e+00           1.721e+00               0.000           1.721e+00               0.000          -2.456e+01
 -163.000         270.000            1.671e+00           1.671e+00               0.000           1.671e+00               0.000          -2.466e+01
 -162.000         270.000            1.618e+00           1.618e+00               0.000           1.618e+00               0.000          -2.477e+01
 -161.000         270.000            1.562e+00           1.562e+00               0.000           1.562e+00               0.000          -2.488e+01
 -160.000         270.000            1.502e+00           1.502e+00               0.000           1.502e+00               0.000          -2.500e+01
 -159.000         270.000            1.439e+00           1.439e+00               0.000           1.439e+00               0.000          -2.513e+01
 -158.000         270.000            1.373e+00           1.373e+00               0.000           1.373e+00               0.000          -2.526e+01
 -157.000         270.000            1.304e+00           1.304e+00               0.000           1.304e+00               0.000          -2.540e+01
 -156.000         270.000            1.231e+00           1.231e+00               0.000           1.231e+00               0.000          -2.554e+01
 -155.000         270.000            1.156e+00           1.156e+00               0.000           1.156e+00               0.000          -2.569e+01
 -154.000         270.000            1.076e+00           1.076e+00               0.000           1.076e+00               0.000          -2.585e+01
 -153.000         270.000            9.934e-01           9.934e-01               0.000           9.934e-01               0.000          -2.602e+01
 -152.000         270.000            9.072e-01           9.072e-01               0.000           9.072e-01               0.000          -2.619e+01
 -151.000         270.000            8.174e-01           8.174e-01               0.000           8.174e-01               0.000          -2.637e+01
 -150.000         270.000            7.240e-01           7.240e-01               0.000           7.240e-01               0.000          -2.656e+01
 -149.000         270.000            6.270e-01           6.270e-01               0.000           6.270e-01               0.000          -2.675e+01
 -148.000         270.000            5.263e-01           5.263e-01               0.000           5.263e-01               0.000          -2.695e+01
 -147.000         270.000            4.219e-01           4.219e-01               0.000           4.219e-01               0.000          -2.716e+01
 -146.000         270.000            3.135e-01           3.135e-01               0.000           3.135e-01               0.000          -2.738e+01
 -145.000         270.000            2.013e-01           2.013e-01               0.000           2.013e-01               0.000          -2.760e+01
 -144.000         270.000            8.513e-02           8.513e-02               0.000           8.513e-02               0.000          -2.783e+01
 -143.000         270.000           -3.516e-02          -3.516e-02               0.000          -3.516e-02               0.000          -2.808e+01
 -142.000         270.000           -1.596e-01          -1.596e-01               0.000          -1.596e-01               0.000          -2.832e+01
 -141.000         270.000           -2.883e-01          -2.883e-01               0.000          -2.883e-01               0.000          -2.858e+01
 -140.000         270.000           -4.214e-01          -4.214e-01               0.000          -4.214e-01               0.000          -2.885e+01
 -139.000         270.000           -5.590e-01          -5.590e-01               0.000          -5.590e-01               0.000          -2.912e+01
 -138.000         270.000           -7.011e-01          -7.011e-01               0.000          -7.011e-01               0.000          -2.941e+01
 -137.000         270.000           -8.480e-01          -8.480e-01               0.000          -8.480e-01               0.000          -2.970e+01
 -136.000         270.000           -9.998e-01          -9.998e-01               0.000          -9.998e-01               0.000          -3.000e+01
 -135.000         270.000           -1.157e+00          -1.157e+00               0.000          -1.157e+00               0.000          -3.032e+01
 -134.000         270.000           -1.318e+00          -1.318e+00               0.000          -1.318e+00               0.000          -3.064e+01
 -133.000         270.000           -1.486e+00          -1.486e+00               0.000          -1.486e+00               0.000          -3.098e+01
 -132.000         270.000           -1.659e+00          -1.659e+00               0.000          -1.659e+00               0.000          -3.132e+01
 -131.000         270.000           -1.837e+00          -1.837e+00               0.000          -1.837e+00               0.000          -3.168e+01
 -130.000         270.000           -2.022e+00          -2.022e+00               0.000          -2.022e+00               0.000          -3.205e+01
 -129.000         270.000           -2.212e+00          -2.212e+00               0.000          -2.212e+00               0.000          -3.243e+01
 -128.000         270.000           -2.410e+00          -2.410e+00               0.000          -2.410e+00               0.000          -3.282e+01
 -127.000         270.000           -2.613e+00          -2.613e+00               0.000          -2.613e+00               0.000          -3.323e+01
 -126.000         270.000           -2.824e+00          -2.824e+00               0.000          -2.824e+00               0.000          -3.365e+01
 -125.000         270.000           -3.042e+00          -3.042e+00               0.000          -3.042e+00               0.000          -3.409e+01
 -124.000         270.000           -3.268e+00          -3.268e+00               0.000          -3.268e+00               0.000          -3.454e+01
 -123.000         270.000           -3.502e+00          -3.502e+00               0.000          -3.502e+00               0.000          -3.501e+01
 -122.000         270.000           -3.745e+00          -3.745e+00               0.000          -3.745e+00               0.000          -3.549e+01
 -121.000         270.000           -3.996e+00          -3.996e+00               0.000          -3.996e+00               0.000          -3.600e+01
 -120.000         270.000           -4.257e+00          -4.257e+00               0.000          -4.257e+00               0.000          -3.652e+01
 -119.000         270.000           -4.528e+00          -4.528e+00               0.000          -4.528e+00               0.000          -3.706e+01
 -118.000         270.000           -4.810e+00          -4.810e+00               0.000          -4.810e+00               0.000          -3.762e+01
 -117.000         270.000           -5.103e+00          -5.103e+00               0.000          -5.103e+00               0.000          -3.821e+01
 -116.000         270.000           -5.408e+00          -5.408e+00               0.000          -5.408e+00               0.000          -3.882e+01
 -115.000         270.000           -5.726e+00          -5.726e+00               0.000          -5.726e+00               0.000          -3.946e+01
 -114.000         270.000           -6.058e+00          -6.058e+00               0.000          -6.058e+00               0.000          -4.012e+01
 -113.000         270.000           -6.405e+00          -6.405e+00               0.000          -6.405e+00               0.000          -4.082e+01
 -112.000         270.000           -6.769e+00          -6.769e+00               0.000          -6.769e+00               0.000          -4.154e+01
 -111.000         270.000           -7.150e+00          -7.150e+00               0.000          -7.150e+00               0.000          -4.230e+01
 -110.000         270.000           -7.550e+00          -7.550e+00               0.000          -7.550e+00               0.000          -4.311e+01
 -109.000         270.000           -7.972e+00          -7.972e+00               0.000          -7.972e+00               0.000          -4.395e+01
 -108.000         270.000           -8.417e+00          -8.417e+00               0.000          -8.417e+00               0.000          -4.484e+01
 -107.000         270.000           -8.887e+00          -8.887e+00               0.000          -8.887e+00               0.000          -4.578e+01
 -106.000         270.000           -9.387e+00          -9.387e+00               0.000          -9.387e+00               0.000          -4.678e+01
 -105.000         270.000           -9.918e+00          -9.918e+00               0.000          -9.918e+00               0.000          -4.784e+01
 -104.000         270.000           -1.049e+01          -1.049e+01               0.000          -1.049e+01               0.000          -4.898e+01
 -103.000         270.000           -1.110e+01          -1.110e+01               0.000          -1.110e+01               0.000          -5.019e+01
 -102.000         270.000           -1.175e+01          -1.175e+01               0.000          -1.175e+01               0.000          -5.151e+01
 -101.000         270.000           -1.246e+01          -1.246e+01               0.000          -1.246e+01               0.000          -5.293e+01
 -100.000         270.000           -1.324e+01          -1.324e+01               0.000          -1.324e+01               0.000          -5.449e+01
  -99.000         270.000           -1.410e+01          -1.410e+01               0.000          -1.410e+01               0.000          -5.620e+01
  -98.000         270.000           -1.505e+01          -1.505e+01               0.000          -1.505e+01               0.000          -5.810e+01
  -97.000         270.000           -1.611e+01          -1.611e+01               0.000          -1.611e+01               0.000          -6.023e+01
  -96.000         270.000           -1.733e+01          -1.733e+01               0.000          -1.733e+01               0.000          -6.267e+01
  -95.000         270.000           -1.875e+01          -1.875e+01               0.000          -1.875e+01               0.000          -6.551e+01
  -94.000         270.000           -2.044e+01          -2.044e+01               0.000          -2.044e+01               0.000          -6.889e+01
  -93.000         270.000           -2.254e+01          -2.254e+01               0.000          -2.254e+01               0.000          -7.308e+01
  -92.000         270.000           -2.528e+01          -2.528e+01               0.000          -2.528e+01               0.000          -7.856e+01
  -91.000         270.000           -2.918e+01          -2.918e+01               0.000          -2.918e+01               0.000          -8.636e+01
  -90.000         270.000           -3.520e+01          -3.520e+01               0.000          -3.520e+01               0.000          -9.841e+01
  -89.000         270.000           -3.607e+01          -3.607e+01               0.000          -3.607e+01               0.000          -1.001e+02
  -88.000         270.000           -2.981e+01          -2.981e+01               0.000          -2.981e+01               0.000          -8.763e+01
  -87.000         270.000           -2.570e+01          -2.570e+01               0.000          -2.570e+01               0.000          -7.940e+01
  -86.000         270.000           -2.285e+01          -2.285e+01               0.000          -2.285e+01               0.000          -7.370e+01
  -85.000         270.000           -2.069e+01          -2.069e+01               0.000          -2.069e+01               0.000          -6.938e+01
  -84.000         270.000           -1.895e+01          -1.895e+01               0.000          -1.895e+01               0.000          -6.591e+01
  -83.000         270.000           -1.750e+01          -1.750e+01               0.000          -1.750e+01               0.000          -6.301e+01
  -82.000         270.000           -1.626e+01          -1.626e+01               0.000          -1.626e+01               0.000          -6.053e+01
  -81.000         270.000           -1.518e+01          -1.518e+01               0.000          -1.518e+01               0.000          -5.836e+01
  -80.000         270.000           -1.422e+01          -1.422e+01               0.000          -1.422e+01               0.000          -5.644e+01
  -79.000         270.000           -1.335e+01          -1.335e+01               0.000          -1.335e+01               0.000          -5.470e+01
  -78.000         270.000           -1.256e+01          -1.256e+01               0.000          -1.256e+01               0.000          -5.313e+01
  -77.000         270.000           -1.184e+01          -1.184e+01               0.000          -1.184e+01               0.000          -5.169e+01
  -76.000         270.000           -1.118e+01          -1.118e+01               0.000          -1.118e+01               0.000          -5.037e+01
  -75.000         270.000           -1.057e+01          -1.057e+01               0.000          -1.057e+01               0.000          -4.914e+01
  -74.000         270.000           -9.994e+00          -9.994e+00               0.000          -9.994e+00               0.000          -4.799e+01
  -73.000         270.000           -9.458e+00          -9.458e+00               0.000          -9.458e+00               0.000          -4.692e+01
  -72.000         270.000           -8.955e+00          -8.955e+00               0.000          -8.955e+00               0.000          -4.592e+01
  -71.000         270.000           -8.481e+00          -8.481e+00               0.000          -8.481e+00               0.000          -4.497e+01
  -70.000         270.000           -8.034e+00          -8.034e+00               0.000          -8.034e+00               0.000          -4.407e+01
  -69.000         270.000           -7.610e+00          -7.610e+00               0.000          -7.610e+00               0.000          -4.322e+01
  -68.000         270.000           -7.207e+00          -7.207e+00               0.000          -7.207e+00               0.000          -4.242e+01
  -67.000         270.000           -6.824e+00          -6.824e+00               0.000          -6.824e+00               0.000          -4.165e+01
  -66.000         270.000           -6.459e+00          -6.459e+00               0.000          -6.459e+00               0.000          -4.092e+01
  -65.000         270.000           -6.110e+00          -6.110e+00               0.000          -6.110e+00               0.000          -4.022e+01
  -64.000         270.000           -5.776e+00          -5.776e+00               0.000          -5.776e+00               0.000          -3.956e+01
  -63.000         270.000           -5.457e+00          -5.457e+00               0.000          -5.457e+00               0.000          -3.892e+01
  -62.000         270.000           -5.150e+00          -5.150e+00               0.000          -5.150e+00               0.000          -3.831e+01
  -61.000         270.000           -4.856e+00          -4.856e+00               0.000          -4.856e+00               0.000          -3.772e+01
  -60.000         270.000           -4.573e+00          -4.573e+00               0.000          -4.573e+00               0.000          -3.715e+01
  -59.000         270.000           -4.301e+00          -4.301e+00               0.000          -4.301e+00               0.000          -3.661e+01
  -58.000         270.000           -4.039e+00          -4.039e+00               0.000          -4.039e+00               0.000          -3.608e+01
  -57.000         270.000           -3.787e+00          -3.787e+00               0.000          -3.787e+00               0.000          -3.558e+01
  -56.000         270.000           -3.544e+00          -3.544e+00               0.000          -3.544e+00               0.000          -3.509e+01
  -55.000         270.000           -3.309e+00          -3.309e+00               0.000          -3.309e+00               0.000          -3.462e+01
  -54.000         270.000           -3.083e+00          -3.083e+00               0.000          -3.083e+00               0.000          -3.417e+01
  -53.000         270.000           -2.864e+00          -2.864e+00               0.000          -2.864e+00               0.000          -3.373e+01
  -52.000         270.000           -2.652e+00          -2.652e+00               0.000          -2.652e+00               0.000          -3.331e+01
  -51.000         270.000           -2.448e+00          -2.448e+00               0.000          -2.448e+00               0.000          -3.290e+01
  -50.000         270.000           -2.250e+00          -2.250e+00               0.000          -2.250e+00               0.000          -3.251e+01
  -49.000         270.000           -2.059e+00          -2.059e+00               0.000          -2.059e+00               0.000          -3.212e+01
  -48.000         270.000           -1.874e+00          -1.874e+00               0.000          -1.874e+00               0.000          -3.175e+01
  -47.000         270.000           -1.695e+00          -1.695e+00               0.000          -1.695e+00               0.000          -3.139e+01
  -46.000         270.000           -1.522e+00          -1.522e+00               0.000          -1.522e+00               0.000          -3.105e+01
  -45.000         270.000           -1.354e+00          -1.354e+00               0.000          -1.354e+00               0.000          -3.071e+01
  -44.000         270.000           -1.192e+00          -1.192e+00               0.000          -1.192e+00               0.000          -3.039e+01
  -43.000         270.000           -1.035e+00          -1.035e+00               0.000          -1.035e+00               0.000          -3.007e+01
  -42.000         270.000           -8.827e-01          -8.827e-01               0.000          -8.827e-01               0.000          -2.977e+01
  -41.000         270.000           -7.355e-01          -7.355e-01               0.000          -7.355e-01               0.000          -2.948e+01
  -40.000         270.000           -5.931e-01          -5.931e-01               0.000          -5.931e-01               0.000          -2.919e+01
  -39.000         270.000           -4.553e-01          -4.553e-01               0.000          -4.553e-01               0.000          -2.892e+01
  -38.000         270.000           -3.220e-01          -3.220e-01               0.000          -3.220e-01               0.000          -2.865e+01
  -37.000         270.000           -1.931e-01          -1.931e-01               0.000          -1.931e-01               0.000          -2.839e+01
  -36.000         270.000           -6.844e-02          -6.844e-02               0.000          -6.844e-02               0.000          -2.814e+01
  -35.000         270.000            5.201e-02           5.201e-02               0.000           5.201e-02               0.000          -2.790e+01
  -34.000         270.000            1.684e-01           1.684e-01               0.000           1.684e-01               0.000          -2.767e+01
  -33.000         270.000            2.807e-01           2.807e-01               0.000           2.807e-01               0.000          -2.744e+01
  -32.000         270.000            3.892e-01           3.892e-01               0.000           3.892e-01               0.000          -2.723e+01
  -31.000         270.000            4.937e-01           4.937e-01               0.000           4.937e-01               0.000          -2.702e+01
  -30.000         270.000            5.945e-01           5.945e-01               0.000           5.945e-01               0.000          -2.682e+01
  -29.000         270.000            6.916e-01           6.916e-01               0.000           6.916e-01               0.000          -2.662e+01
  -28.000         270.000            7.850e-01           7.850e-01               0.000           7.850e-01               0.000          -2.643e+01
  -27.000         270.000            8.749e-01           8.749e-01               0.000           8.749e-01               0.000          -2.626e+01
  -26.000         270.000            9.612e-01           9.612e-01               0.000           9.612e-01               0.000          -2.608e+01
  -25.000         270.000            1.044e+00           1.044e+00               0.000           1.044e+00               0.000          -2.592e+01
  -24.000         270.000            1.123e+00           1.123e+00               0.000           1.123e+00               0.000          -2.576e+01
  -23.000         270.000            1.199e+00           1.199e+00               0.000           1.199e+00               0.000          -2.561e+01
  -22.000         270.000            1.272e+00           1.272e+00               0.000           1.272e+00               0.000          -2.546e+01
  -21.000         270.000            1.341e+00           1.341e+00               0.000           1.341e+00               0.000          -2.532e+01
  -20.000         270.000            1.407e+00           1.407e+00               0.000           1.407e+00               0.000          -2.519e+01
  -19.000         270.000            1.470e+00           1.470e+00               0.000           1.470e+00               0.000          -2.507e+01
  -18.000         270.000            1.529e+00           1.529e+00               0.000           1.529e+00               0.000          -2.495e+01
  -17.000         270.000            1.586e+00           1.586e+00               0.000           1.586e+00               0.000          -2.483e+01
  -16.000         270.000            1.639e+00           1.639e+00               0.000           1.639e+00               0.000          -2.473e+01
  -15.000         270.000            1.689e+00           1.689e+00               0.000           1.689e+00               0.000          -2.463e+01
  -14.000         270.000            1.735e+00           1.735e+00               0.000           1.735e+00               0.000          -2.453e+01
  -13.000         270.000            1.779e+00           1.779e+00               0.000           1.779e+00               0.000          -2.445e+01
  -12.000         270.000            1.820e+00           1.820e+00               0.000           1.820e+00               0.000          -2.437e+01
  -11.000         270.000            1.857e+00           1.857e+00               0.000           1.857e+00               0.000          -2.429e+01
  -10.000         270.000            1.892e+00           1.892e+00               0.000           1.892e+00               0.000          -2.422e+01
   -9.000         270.000            1.923e+00           1.923e+00               0.000           1.923e+00               0.000          -2.416e+01
   -8.000         270.000            1.952e+00           1.952e+00               0.000           1.952e+00               0.000          -2.410e+01
   -7.000         270.000            1.977e+00           1.977e+00               0.000           1.977e+00               0.000          -2.405e+01
   -6.000         270.000            2.000e+00           2.000e+00               0.000           2.000e+00               0.000          -2.401e+01
   -5.000         270.000            2.019e+00           2.019e+00               0.000           2.019e+00               0.000          -2.397e+01
   -4.000         270.000            2.036e+00           2.036e+00               0.000           2.036e+00               0.000          -2.393e+01
   -3.000         270.000            2.049e+00           2.049e+00               0.000           2.049e+00               0.000          -2.391e+01
   -2.000         270.000            2.059e+00           2.059e+00               0.000           2.059e+00               0.000          -2.389e+01
   -1.000         270.000            2.067e+00           2.067e+00               0.000           2.067e+00               0.000          -2.387e+01
   0.000          90.000            2.071e+00           2.071e+00               0.000           2.071e+00               0.000          -2.386e+01
