S11 P1 +45 Low P2 -45 Low Tilt 0 deg fs.txt 
                                        
E-Shape SN  
                                        
15-Jan-2024 08:40:07 
SN 1 LM Naude 
EN5071 S11 0 8 Step  
RLoss  2.0000 2.8000  0.0020  401 
Axis position C = 0.0          
                                                 
    2.0000     -8.45   -166.49 
    2.0020     -8.43   -166.06 
    2.0040     -8.40   -165.64 
    2.0060     -8.38   -165.20 
    2.0080     -8.35   -164.69 
    2.0100     -8.31   -164.19 
    2.0120     -8.26   -163.73 
    2.0140     -8.20   -163.36 
    2.0160     -8.14   -163.06 
    2.0180     -8.08   -162.86 
    2.0200     -8.03   -162.73 
    2.0220     -7.99   -162.63 
    2.0240     -7.96   -162.50 
    2.0260     -7.94   -162.34 
    2.0280     -7.91   -162.18 
    2.0300     -7.88   -161.98 
    2.0320     -7.86   -161.78 
    2.0340     -7.82   -161.53 
    2.0360     -7.78   -161.32 
    2.0380     -7.73   -161.16 
    2.0400     -7.69   -161.04 
    2.0420     -7.66   -160.91 
    2.0440     -7.62   -160.72 
    2.0460     -7.58   -160.48 
    2.0480     -7.53   -160.23 
    2.0500     -7.47   -160.02 
    2.0520     -7.40   -159.87 
    2.0540     -7.33   -159.76 
    2.0560     -7.27   -159.71 
    2.0580     -7.21   -159.67 
    2.0600     -7.16   -159.63 
    2.0620     -7.10   -159.60 
    2.0640     -7.05   -159.59 
    2.0660     -7.00   -159.57 
    2.0680     -6.95   -159.58 
    2.0700     -6.90   -159.62 
    2.0720     -6.86   -159.67 
    2.0740     -6.83   -159.73 
    2.0760     -6.80   -159.74 
    2.0780     -6.78   -159.70 
    2.0800     -6.75   -159.63 
    2.0820     -6.72   -159.52 
    2.0840     -6.67   -159.42 
    2.0860     -6.62   -159.33 
    2.0880     -6.56   -159.31 
    2.0900     -6.51   -159.33 
    2.0920     -6.46   -159.35 
    2.0940     -6.41   -159.37 
    2.0960     -6.35   -159.43 
    2.0980     -6.30   -159.49 
    2.1000     -6.24   -159.59 
    2.1020     -6.19   -159.69 
    2.1040     -6.14   -159.81 
    2.1060     -6.09   -159.97 
    2.1080     -6.04   -160.14 
    2.1100     -6.00   -160.33 
    2.1120     -5.97   -160.50 
    2.1140     -5.94   -160.64 
    2.1160     -5.91   -160.75 
    2.1180     -5.88   -160.83 
    2.1200     -5.85   -160.90 
    2.1220     -5.81   -160.98 
    2.1240     -5.76   -161.07 
    2.1260     -5.72   -161.23 
    2.1280     -5.67   -161.43 
    2.1300     -5.64   -161.64 
    2.1320     -5.61   -161.85 
    2.1340     -5.59   -162.02 
    2.1360     -5.56   -162.16 
    2.1380     -5.54   -162.28 
    2.1400     -5.51   -162.39 
    2.1420     -5.47   -162.48 
    2.1440     -5.43   -162.56 
    2.1460     -5.39   -162.68 
    2.1480     -5.33   -162.83 
    2.1500     -5.28   -163.04 
    2.1520     -5.23   -163.27 
    2.1540     -5.18   -163.58 
    2.1560     -5.14   -163.89 
    2.1580     -5.11   -164.23 
    2.1600     -5.08   -164.56 
    2.1620     -5.06   -164.89 
    2.1640     -5.05   -165.21 
    2.1660     -5.04   -165.47 
    2.1680     -5.04   -165.68 
    2.1700     -5.03   -165.83 
    2.1720     -5.01   -165.97 
    2.1740     -4.99   -166.14 
    2.1760     -4.96   -166.35 
    2.1780     -4.94   -166.61 
    2.1800     -4.93   -166.91 
    2.1820     -4.92   -167.20 
    2.1840     -4.91   -167.47 
    2.1860     -4.90   -167.72 
    2.1880     -4.90   -167.96 
    2.1900     -4.90   -168.20 
    2.1920     -4.89   -168.43 
    2.1940     -4.88   -168.66 
    2.1960     -4.88   -168.87 
    2.1980     -4.87   -169.05 
    2.2000     -4.85   -169.20 
    2.2020     -4.82   -169.40 
    2.2040     -4.79   -169.63 
    2.2060     -4.76   -169.94 
    2.2080     -4.73   -170.30 
    2.2100     -4.71   -170.67 
    2.2120     -4.69   -171.06 
    2.2140     -4.68   -171.43 
    2.2160     -4.67   -171.80 
    2.2180     -4.67   -172.16 
    2.2200     -4.67   -172.49 
    2.2220     -4.67   -172.79 
    2.2240     -4.67   -173.07 
    2.2260     -4.66   -173.32 
    2.2280     -4.66   -173.58 
    2.2300     -4.65   -173.83 
    2.2320     -4.65   -174.10 
    2.2340     -4.64   -174.37 
    2.2360     -4.64   -174.65 
    2.2380     -4.64   -174.92 
    2.2400     -4.65   -175.19 
    2.2420     -4.65   -175.45 
    2.2440     -4.65   -175.72 
    2.2460     -4.66   -175.97 
    2.2480     -4.67   -176.22 
    2.2500     -4.67   -176.47 
    2.2520     -4.68   -176.72 
    2.2540     -4.69   -176.98 
    2.2560     -4.69   -177.27 
    2.2580     -4.70   -177.57 
    2.2600     -4.72   -177.90 
    2.2620     -4.74   -178.23 
    2.2640     -4.77   -178.54 
    2.2660     -4.80   -178.81 
    2.2680     -4.84   -179.03 
    2.2700     -4.86   -179.22 
    2.2720     -4.88   -179.44 
    2.2740     -4.90   -179.70 
    2.2760     -4.92   -180.00 
    2.2780     -4.94    179.68 
    2.2800     -4.97    179.37 
    2.2820     -5.00    179.08 
    2.2840     -5.03    178.82 
    2.2860     -5.06    178.54 
    2.2880     -5.09    178.24 
    2.2900     -5.12    177.93 
    2.2920     -5.15    177.60 
    2.2940     -5.19    177.28 
    2.2960     -5.23    176.95 
    2.2980     -5.27    176.64 
    2.3000     -5.32    176.36 
    2.3020     -5.37    176.12 
    2.3040     -5.42    175.91 
    2.3060     -5.46    175.71 
    2.3080     -5.51    175.51 
    2.3100     -5.55    175.33 
    2.3120     -5.60    175.17 
    2.3140     -5.64    174.98 
    2.3160     -5.68    174.80 
    2.3180     -5.73    174.57 
    2.3200     -5.78    174.32 
    2.3220     -5.84    174.08 
    2.3240     -5.90    173.84 
    2.3260     -5.98    173.66 
    2.3280     -6.05    173.54 
    2.3300     -6.12    173.47 
    2.3320     -6.19    173.40 
    2.3340     -6.25    173.31 
    2.3360     -6.32    173.17 
    2.3380     -6.40    173.05 
    2.3400     -6.48    172.94 
    2.3420     -6.57    172.89 
    2.3440     -6.66    172.90 
    2.3460     -6.75    172.92 
    2.3480     -6.83    172.94 
    2.3500     -6.93    173.00 
    2.3520     -7.02    173.08 
    2.3540     -7.12    173.18 
    2.3560     -7.23    173.32 
    2.3580     -7.34    173.52 
    2.3600     -7.46    173.79 
    2.3620     -7.58    174.14 
    2.3640     -7.69    174.56 
    2.3660     -7.80    175.02 
    2.3680     -7.91    175.54 
    2.3700     -8.02    176.10 
    2.3720     -8.12    176.64 
    2.3740     -8.23    177.23 
    2.3760     -8.35    177.87 
    2.3780     -8.47    178.64 
    2.3800     -8.59    179.52 
    2.3820     -8.70   -179.49 
    2.3840     -8.80   -178.41 
    2.3860     -8.88   -177.28 
    2.3880     -8.94   -176.10 
    2.3900     -9.00   -174.93 
    2.3920     -9.04   -173.76 
    2.3940     -9.07   -172.59 
    2.3960     -9.10   -171.34 
    2.3980     -9.12   -170.06 
    2.4000     -9.13   -168.70 
    2.4020     -9.13   -167.26 
    2.4040     -9.10   -165.76 
    2.4060     -9.05   -164.26 
    2.4080     -8.98   -162.79 
    2.4100     -8.89   -161.38 
    2.4120     -8.78   -160.01 
    2.4140     -8.67   -158.69 
    2.4160     -8.54   -157.41 
    2.4180     -8.40   -156.16 
    2.4200     -8.25   -154.96 
    2.4220     -8.08   -153.80 
    2.4240     -7.90   -152.73 
    2.4260     -7.70   -151.75 
    2.4280     -7.49   -150.89 
    2.4300     -7.27   -150.22 
    2.4320     -7.06   -149.68 
    2.4340     -6.85   -149.28 
    2.4360     -6.66   -148.95 
    2.4380     -6.47   -148.69 
    2.4400     -6.28   -148.48 
    2.4420     -6.10   -148.30 
    2.4440     -5.93   -148.16 
    2.4460     -5.75   -148.04 
    2.4480     -5.58   -147.95 
    2.4500     -5.40   -147.88 
    2.4520     -5.22   -147.84 
    2.4540     -5.04   -147.86 
    2.4560     -4.86   -147.95 
    2.4580     -4.67   -148.10 
    2.4600     -4.49   -148.30 
    2.4620     -4.32   -148.55 
    2.4640     -4.14   -148.85 
    2.4660     -3.98   -149.20 
    2.4680     -3.82   -149.56 
    2.4700     -3.66   -149.95 
    2.4720     -3.51   -150.36 
    2.4740     -3.36   -150.78 
    2.4760     -3.23   -151.22 
    2.4780     -3.09   -151.67 
    2.4800     -2.96   -152.14 
    2.4820     -2.83   -152.62 
    2.4840     -2.71   -153.13 
    2.4860     -2.59   -153.66 
    2.4880     -2.48   -154.22 
    2.4900     -2.38   -154.79 
    2.4920     -2.28   -155.37 
    2.4940     -2.19   -155.95 
    2.4960     -2.11   -156.52 
    2.4980     -2.03   -157.09 
    2.5000     -1.95   -157.65 
    2.5020     -1.87   -158.24 
    2.5040     -1.79   -158.82 
    2.5060     -1.72   -159.41 
    2.5080     -1.65   -160.00 
    2.5100     -1.59   -160.59 
    2.5120     -1.52   -161.17 
    2.5140     -1.46   -161.75 
    2.5160     -1.40   -162.34 
    2.5180     -1.34   -162.92 
    2.5200     -1.28   -163.51 
    2.5220     -1.22   -164.09 
    2.5240     -1.17   -164.67 
    2.5260     -1.11   -165.24 
    2.5280     -1.06   -165.81 
    2.5300     -1.02   -166.38 
    2.5320     -0.97   -166.93 
    2.5340     -0.93   -167.48 
    2.5360     -0.88   -168.01 
    2.5380     -0.84   -168.55 
    2.5400     -0.80   -169.08 
    2.5420     -0.76   -169.62 
    2.5440     -0.72   -170.16 
    2.5460     -0.68   -170.70 
    2.5480     -0.64   -171.24 
    2.5500     -0.61   -171.78 
    2.5520     -0.58   -172.31 
    2.5540     -0.55   -172.83 
    2.5560     -0.52   -173.34 
    2.5580     -0.49   -173.85 
    2.5600     -0.47   -174.36 
    2.5620     -0.44   -174.85 
    2.5640     -0.42   -175.34 
    2.5660     -0.39   -175.81 
    2.5680     -0.37   -176.27 
    2.5700     -0.35   -176.73 
    2.5720     -0.32   -177.19 
    2.5740     -0.30   -177.63 
    2.5760     -0.28   -178.08 
    2.5780     -0.26   -178.53 
    2.5800     -0.24   -178.97 
    2.5820     -0.22   -179.41 
    2.5840     -0.20   -179.85 
    2.5860     -0.19    179.71 
    2.5880     -0.17    179.28 
    2.5900     -0.16    178.84 
    2.5920     -0.15    178.40 
    2.5940     -0.14    177.97 
    2.5960     -0.13    177.53 
    2.5980     -0.12    177.10 
    2.6000     -0.11    176.67 
    2.6020     -0.10    176.24 
    2.6040     -0.09    175.80 
    2.6060     -0.08    175.38 
    2.6080     -0.07    174.95 
    2.6100     -0.06    174.52 
    2.6120     -0.05    174.09 
    2.6140     -0.05    173.67 
    2.6160     -0.04    173.26 
    2.6180     -0.03    172.85 
    2.6200     -0.02    172.45 
    2.6220     -0.01    172.05 
    2.6240      0.00    171.65 
    2.6260      0.01    171.26 
    2.6280      0.02    170.87 
    2.6300      0.03    170.50 
    2.6320      0.04    170.13 
    2.6340      0.05    169.76 
    2.6360      0.06    169.40 
    2.6380      0.06    169.04 
    2.6400      0.07    168.68 
    2.6420      0.08    168.32 
    2.6440      0.08    167.96 
    2.6460      0.08    167.61 
    2.6480      0.09    167.25 
    2.6500      0.09    166.90 
    2.6520      0.09    166.54 
    2.6540      0.10    166.19 
    2.6560      0.10    165.84 
    2.6580      0.10    165.49 
    2.6600      0.11    165.14 
    2.6620      0.11    164.79 
    2.6640      0.11    164.44 
    2.6660      0.12    164.09 
    2.6680      0.12    163.75 
    2.6700      0.12    163.40 
    2.6720      0.13    163.06 
    2.6740      0.13    162.72 
    2.6760      0.14    162.39 
    2.6780      0.14    162.05 
    2.6800      0.15    161.72 
    2.6820      0.15    161.39 
    2.6840      0.15    161.06 
    2.6860      0.15    160.74 
    2.6880      0.16    160.42 
    2.6900      0.16    160.10 
    2.6920      0.16    159.77 
    2.6940      0.15    159.45 
    2.6960      0.15    159.12 
    2.6980      0.15    158.80 
    2.7000      0.14    158.47 
    2.7020      0.14    158.14 
    2.7040      0.14    157.81 
    2.7060      0.13    157.48 
    2.7080      0.13    157.15 
    2.7100      0.12    156.82 
    2.7120      0.12    156.49 
    2.7140      0.12    156.15 
    2.7160      0.12    155.82 
    2.7180      0.11    155.49 
    2.7200      0.11    155.17 
    2.7220      0.11    154.84 
    2.7240      0.11    154.52 
    2.7260      0.11    154.21 
    2.7280      0.11    153.91 
    2.7300      0.11    153.60 
    2.7320      0.11    153.30 
    2.7340      0.11    153.01 
    2.7360      0.11    152.73 
    2.7380      0.11    152.45 
    2.7400      0.11    152.17 
    2.7420      0.11    151.90 
    2.7440      0.11    151.63 
    2.7460      0.10    151.35 
    2.7480      0.10    151.08 
    2.7500      0.09    150.81 
    2.7520      0.08    150.53 
    2.7540      0.08    150.25 
    2.7560      0.07    149.97 
    2.7580      0.06    149.68 
    2.7600      0.05    149.39 
    2.7620      0.04    149.10 
    2.7640      0.03    148.80 
    2.7660      0.02    148.50 
    2.7680      0.01    148.19 
    2.7700      0.01    147.89 
    2.7720     -0.00    147.57 
    2.7740     -0.01    147.26 
    2.7760     -0.02    146.95 
    2.7780     -0.02    146.64 
    2.7800     -0.03    146.33 
    2.7820     -0.04    146.03 
    2.7840     -0.04    145.73 
    2.7860     -0.05    145.43 
    2.7880     -0.06    145.14 
    2.7900     -0.06    144.85 
    2.7920     -0.07    144.58 
    2.7940     -0.08    144.30 
    2.7960     -0.09    144.04 
    2.7980     -0.10    143.78 
    2.8000     -0.11    143.53 
