S11 P1 Linear fs.txt 
                                        
E-Shape (In CR) 2 SN  
                                        
15-Jan-2024 09:08:53 
SN 1 LM Naude 
EN5071 S11 0 8 Step  
RLoss  2.0000 2.8000  0.0020  401 
Axis position C = 0.0          
                                                 
    2.0000     -6.69   -162.13 
    2.0020     -6.65   -162.07 
    2.0040     -6.61   -162.03 
    2.0060     -6.57   -161.99 
    2.0080     -6.53   -161.96 
    2.0100     -6.49   -161.95 
    2.0120     -6.45   -161.94 
    2.0140     -6.42   -161.94 
    2.0160     -6.38   -161.93 
    2.0180     -6.34   -161.93 
    2.0200     -6.30   -161.94 
    2.0220     -6.27   -161.97 
    2.0240     -6.23   -162.00 
    2.0260     -6.19   -162.03 
    2.0280     -6.16   -162.05 
    2.0300     -6.12   -162.10 
    2.0320     -6.09   -162.16 
    2.0340     -6.05   -162.21 
    2.0360     -6.02   -162.26 
    2.0380     -5.99   -162.31 
    2.0400     -5.95   -162.37 
    2.0420     -5.92   -162.44 
    2.0440     -5.89   -162.52 
    2.0460     -5.85   -162.60 
    2.0480     -5.82   -162.68 
    2.0500     -5.79   -162.76 
    2.0520     -5.76   -162.84 
    2.0540     -5.73   -162.94 
    2.0560     -5.70   -163.04 
    2.0580     -5.67   -163.15 
    2.0600     -5.64   -163.25 
    2.0620     -5.61   -163.36 
    2.0640     -5.58   -163.48 
    2.0660     -5.56   -163.60 
    2.0680     -5.53   -163.71 
    2.0700     -5.50   -163.82 
    2.0720     -5.47   -163.94 
    2.0740     -5.44   -164.06 
    2.0760     -5.41   -164.20 
    2.0780     -5.39   -164.34 
    2.0800     -5.36   -164.49 
    2.0820     -5.33   -164.65 
    2.0840     -5.30   -164.80 
    2.0860     -5.27   -164.98 
    2.0880     -5.25   -165.16 
    2.0900     -5.22   -165.36 
    2.0920     -5.19   -165.54 
    2.0940     -5.17   -165.75 
    2.0960     -5.14   -165.94 
    2.0980     -5.11   -166.16 
    2.1000     -5.09   -166.38 
    2.1020     -5.07   -166.60 
    2.1040     -5.04   -166.83 
    2.1060     -5.02   -167.05 
    2.1080     -5.00   -167.29 
    2.1100     -4.97   -167.54 
    2.1120     -4.95   -167.78 
    2.1140     -4.93   -168.03 
    2.1160     -4.91   -168.29 
    2.1180     -4.88   -168.55 
    2.1200     -4.86   -168.81 
    2.1220     -4.84   -169.09 
    2.1240     -4.82   -169.38 
    2.1260     -4.80   -169.67 
    2.1280     -4.78   -169.95 
    2.1300     -4.76   -170.24 
    2.1320     -4.74   -170.54 
    2.1340     -4.73   -170.85 
    2.1360     -4.71   -171.15 
    2.1380     -4.70   -171.45 
    2.1400     -4.68   -171.76 
    2.1420     -4.67   -172.07 
    2.1440     -4.65   -172.40 
    2.1460     -4.64   -172.72 
    2.1480     -4.63   -173.03 
    2.1500     -4.62   -173.35 
    2.1520     -4.61   -173.68 
    2.1540     -4.60   -174.01 
    2.1560     -4.60   -174.34 
    2.1580     -4.59   -174.67 
    2.1600     -4.59   -174.98 
    2.1620     -4.59   -175.30 
    2.1640     -4.58   -175.63 
    2.1660     -4.58   -175.97 
    2.1680     -4.57   -176.31 
    2.1700     -4.57   -176.65 
    2.1720     -4.57   -176.98 
    2.1740     -4.57   -177.33 
    2.1760     -4.58   -177.69 
    2.1780     -4.58   -178.05 
    2.1800     -4.59   -178.40 
    2.1820     -4.60   -178.75 
    2.1840     -4.60   -179.10 
    2.1860     -4.61   -179.45 
    2.1880     -4.62   -179.81 
    2.1900     -4.63    179.82 
    2.1920     -4.64    179.46 
    2.1940     -4.65    179.11 
    2.1960     -4.67    178.75 
    2.1980     -4.68    178.38 
    2.2000     -4.70    177.99 
    2.2020     -4.71    177.62 
    2.2040     -4.73    177.25 
    2.2060     -4.75    176.87 
    2.2080     -4.77    176.49 
    2.2100     -4.79    176.09 
    2.2120     -4.81    175.70 
    2.2140     -4.83    175.32 
    2.2160     -4.86    174.93 
    2.2180     -4.88    174.54 
    2.2200     -4.91    174.15 
    2.2220     -4.94    173.76 
    2.2240     -4.97    173.35 
    2.2260     -5.00    172.96 
    2.2280     -5.03    172.57 
    2.2300     -5.06    172.17 
    2.2320     -5.09    171.76 
    2.2340     -5.13    171.35 
    2.2360     -5.17    170.94 
    2.2380     -5.21    170.54 
    2.2400     -5.25    170.15 
    2.2420     -5.29    169.75 
    2.2440     -5.33    169.34 
    2.2460     -5.38    168.95 
    2.2480     -5.43    168.55 
    2.2500     -5.47    168.16 
    2.2520     -5.52    167.75 
    2.2540     -5.58    167.34 
    2.2560     -5.63    166.93 
    2.2580     -5.69    166.53 
    2.2600     -5.75    166.13 
    2.2620     -5.82    165.74 
    2.2640     -5.88    165.35 
    2.2660     -5.95    164.95 
    2.2680     -6.03    164.55 
    2.2700     -6.10    164.17 
    2.2720     -6.18    163.80 
    2.2740     -6.27    163.45 
    2.2760     -6.35    163.07 
    2.2780     -6.44    162.70 
    2.2800     -6.54    162.35 
    2.2820     -6.64    162.02 
    2.2840     -6.74    161.70 
    2.2860     -6.85    161.38 
    2.2880     -6.97    161.08 
    2.2900     -7.09    160.79 
    2.2920     -7.21    160.54 
    2.2940     -7.34    160.30 
    2.2960     -7.47    160.08 
    2.2980     -7.61    159.89 
    2.3000     -7.76    159.70 
    2.3020     -7.91    159.56 
    2.3040     -8.07    159.44 
    2.3060     -8.24    159.40 
    2.3080     -8.41    159.35 
    2.3100     -8.58    159.34 
    2.3120     -8.77    159.38 
    2.3140     -8.96    159.50 
    2.3160     -9.16    159.67 
    2.3180     -9.36    159.89 
    2.3200     -9.57    160.17 
    2.3220     -9.79    160.52 
    2.3240    -10.02    160.98 
    2.3260    -10.26    161.52 
    2.3280    -10.49    162.19 
    2.3300    -10.74    162.97 
    2.3320    -10.98    163.88 
    2.3340    -11.23    164.92 
    2.3360    -11.48    166.11 
    2.3380    -11.72    167.48 
    2.3400    -11.96    169.01 
    2.3420    -12.19    170.68 
    2.3440    -12.41    172.52 
    2.3460    -12.62    174.55 
    2.3480    -12.81    176.83 
    2.3500    -12.97    179.23 
    2.3520    -13.11   -178.20 
    2.3540    -13.21   -175.52 
    2.3560    -13.28   -172.68 
    2.3580    -13.30   -169.77 
    2.3600    -13.28   -166.83 
    2.3620    -13.21   -163.95 
    2.3640    -13.11   -161.10 
    2.3660    -12.96   -158.36 
    2.3680    -12.78   -155.74 
    2.3700    -12.57   -153.27 
    2.3720    -12.33   -150.97 
    2.3740    -12.07   -148.86 
    2.3760    -11.80   -146.94 
    2.3780    -11.51   -145.20 
    2.3800    -11.21   -143.64 
    2.3820    -10.90   -142.26 
    2.3840    -10.59   -141.07 
    2.3860    -10.28   -140.06 
    2.3880     -9.97   -139.21 
    2.3900     -9.66   -138.50 
    2.3920     -9.36   -137.92 
    2.3940     -9.06   -137.46 
    2.3960     -8.77   -137.11 
    2.3980     -8.49   -136.88 
    2.4000     -8.21   -136.74 
    2.4020     -7.95   -136.67 
    2.4040     -7.69   -136.67 
    2.4060     -7.44   -136.75 
    2.4080     -7.20   -136.89 
    2.4100     -6.96   -137.09 
    2.4120     -6.74   -137.33 
    2.4140     -6.52   -137.60 
    2.4160     -6.30   -137.92 
    2.4180     -6.10   -138.28 
    2.4200     -5.90   -138.66 
    2.4220     -5.71   -139.08 
    2.4240     -5.53   -139.51 
    2.4260     -5.35   -139.97 
    2.4280     -5.18   -140.46 
    2.4300     -5.01   -140.96 
    2.4320     -4.86   -141.48 
    2.4340     -4.70   -142.01 
    2.4360     -4.55   -142.54 
    2.4380     -4.41   -143.09 
    2.4400     -4.27   -143.65 
    2.4420     -4.14   -144.22 
    2.4440     -4.01   -144.80 
    2.4460     -3.89   -145.37 
    2.4480     -3.77   -145.94 
    2.4500     -3.65   -146.52 
    2.4520     -3.54   -147.11 
    2.4540     -3.43   -147.70 
    2.4560     -3.32   -148.27 
    2.4580     -3.22   -148.85 
    2.4600     -3.12   -149.43 
    2.4620     -3.03   -150.03 
    2.4640     -2.94   -150.62 
    2.4660     -2.85   -151.22 
    2.4680     -2.76   -151.81 
    2.4700     -2.68   -152.39 
    2.4720     -2.60   -152.98 
    2.4740     -2.52   -153.56 
    2.4760     -2.45   -154.14 
    2.4780     -2.38   -154.71 
    2.4800     -2.31   -155.28 
    2.4820     -2.24   -155.85 
    2.4840     -2.18   -156.41 
    2.4860     -2.12   -156.99 
    2.4880     -2.06   -157.55 
    2.4900     -2.00   -158.11 
    2.4920     -1.94   -158.67 
    2.4940     -1.89   -159.22 
    2.4960     -1.84   -159.78 
    2.4980     -1.79   -160.33 
    2.5000     -1.74   -160.86 
    2.5020     -1.69   -161.40 
    2.5040     -1.64   -161.93 
    2.5060     -1.60   -162.45 
    2.5080     -1.55   -162.99 
    2.5100     -1.51   -163.51 
    2.5120     -1.47   -164.03 
    2.5140     -1.43   -164.55 
    2.5160     -1.39   -165.07 
    2.5180     -1.35   -165.59 
    2.5200     -1.32   -166.10 
    2.5220     -1.28   -166.60 
    2.5240     -1.25   -167.10 
    2.5260     -1.21   -167.59 
    2.5280     -1.18   -168.08 
    2.5300     -1.15   -168.57 
    2.5320     -1.12   -169.04 
    2.5340     -1.08   -169.52 
    2.5360     -1.05   -169.99 
    2.5380     -1.02   -170.46 
    2.5400     -1.00   -170.92 
    2.5420     -0.97   -171.38 
    2.5440     -0.94   -171.84 
    2.5460     -0.91   -172.28 
    2.5480     -0.89   -172.73 
    2.5500     -0.86   -173.17 
    2.5520     -0.84   -173.61 
    2.5540     -0.81   -174.05 
    2.5560     -0.79   -174.48 
    2.5580     -0.76   -174.91 
    2.5600     -0.74   -175.33 
    2.5620     -0.72   -175.75 
    2.5640     -0.70   -176.18 
    2.5660     -0.68   -176.59 
    2.5680     -0.65   -177.00 
    2.5700     -0.63   -177.41 
    2.5720     -0.61   -177.82 
    2.5740     -0.59   -178.23 
    2.5760     -0.58   -178.64 
    2.5780     -0.56   -179.03 
    2.5800     -0.54   -179.43 
    2.5820     -0.52   -179.83 
    2.5840     -0.51    179.78 
    2.5860     -0.49    179.39 
    2.5880     -0.47    179.00 
    2.5900     -0.46    178.61 
    2.5920     -0.44    178.22 
    2.5940     -0.43    177.84 
    2.5960     -0.41    177.45 
    2.5980     -0.40    177.07 
    2.6000     -0.39    176.68 
    2.6020     -0.37    176.30 
    2.6040     -0.36    175.92 
    2.6060     -0.35    175.54 
    2.6080     -0.34    175.16 
    2.6100     -0.32    174.78 
    2.6120     -0.31    174.40 
    2.6140     -0.30    174.02 
    2.6160     -0.29    173.64 
    2.6180     -0.28    173.26 
    2.6200     -0.27    172.89 
    2.6220     -0.26    172.51 
    2.6240     -0.25    172.13 
    2.6260     -0.24    171.76 
    2.6280     -0.23    171.39 
    2.6300     -0.22    171.02 
    2.6320     -0.22    170.65 
    2.6340     -0.21    170.28 
    2.6360     -0.20    169.91 
    2.6380     -0.19    169.55 
    2.6400     -0.19    169.18 
    2.6420     -0.18    168.82 
    2.6440     -0.17    168.46 
    2.6460     -0.17    168.10 
    2.6480     -0.16    167.74 
    2.6500     -0.15    167.39 
    2.6520     -0.15    167.03 
    2.6540     -0.14    166.68 
    2.6560     -0.14    166.32 
    2.6580     -0.13    165.98 
    2.6600     -0.13    165.63 
    2.6620     -0.12    165.28 
    2.6640     -0.12    164.93 
    2.6660     -0.11    164.59 
    2.6680     -0.11    164.25 
    2.6700     -0.11    163.91 
    2.6720     -0.10    163.57 
    2.6740     -0.10    163.23 
    2.6760     -0.10    162.90 
    2.6780     -0.10    162.56 
    2.6800     -0.10    162.23 
    2.6820     -0.10    161.90 
    2.6840     -0.10    161.57 
    2.6860     -0.10    161.24 
    2.6880     -0.10    160.91 
    2.6900     -0.10    160.58 
    2.6920     -0.10    160.25 
    2.6940     -0.10    159.93 
    2.6960     -0.10    159.60 
    2.6980     -0.10    159.27 
    2.7000     -0.11    158.95 
    2.7020     -0.11    158.62 
    2.7040     -0.11    158.30 
    2.7060     -0.12    157.97 
    2.7080     -0.12    157.64 
    2.7100     -0.12    157.32 
    2.7120     -0.13    156.99 
    2.7140     -0.13    156.67 
    2.7160     -0.14    156.34 
    2.7180     -0.14    156.01 
    2.7200     -0.15    155.69 
    2.7220     -0.15    155.36 
    2.7240     -0.16    155.03 
    2.7260     -0.16    154.71 
    2.7280     -0.17    154.38 
    2.7300     -0.18    154.05 
    2.7320     -0.18    153.73 
    2.7340     -0.19    153.41 
    2.7360     -0.20    153.09 
    2.7380     -0.21    152.76 
    2.7400     -0.22    152.45 
    2.7420     -0.22    152.13 
    2.7440     -0.23    151.81 
    2.7460     -0.24    151.49 
    2.7480     -0.25    151.19 
    2.7500     -0.26    150.87 
    2.7520     -0.27    150.57 
    2.7540     -0.28    150.27 
    2.7560     -0.29    149.97 
    2.7580     -0.30    149.67 
    2.7600     -0.31    149.38 
    2.7620     -0.32    149.09 
    2.7640     -0.33    148.80 
    2.7660     -0.34    148.52 
    2.7680     -0.35    148.24 
    2.7700     -0.36    147.97 
    2.7720     -0.37    147.70 
    2.7740     -0.38    147.44 
    2.7760     -0.40    147.18 
    2.7780     -0.41    146.93 
    2.7800     -0.42    146.68 
    2.7820     -0.43    146.44 
    2.7840     -0.44    146.20 
    2.7860     -0.45    145.96 
    2.7880     -0.46    145.74 
    2.7900     -0.47    145.51 
    2.7920     -0.49    145.29 
    2.7940     -0.50    145.08 
    2.7960     -0.51    144.87 
    2.7980     -0.52    144.66 
    2.8000     -0.53    144.46 
