S11 P1 Linear fs.txt 
                                        
E-Shape (In CR) SN  
                                        
15-Jan-2024 09:04:59 
SN 1 LM Naude 
EN5071 S11 0 8 Step  
RLoss  2.0000 2.8000  0.0020  401 
Axis position C = 0.0          
                                                 
    2.0000     -4.67    169.39 
    2.0020     -4.72    169.12 
    2.0040     -4.77    168.85 
    2.0060     -4.81    168.59 
    2.0080     -4.86    168.33 
    2.0100     -4.91    168.08 
    2.0120     -4.96    167.83 
    2.0140     -5.01    167.59 
    2.0160     -5.06    167.36 
    2.0180     -5.11    167.13 
    2.0200     -5.16    166.91 
    2.0220     -5.20    166.68 
    2.0240     -5.25    166.45 
    2.0260     -5.30    166.22 
    2.0280     -5.35    165.99 
    2.0300     -5.41    165.76 
    2.0320     -5.46    165.53 
    2.0340     -5.51    165.30 
    2.0360     -5.56    165.06 
    2.0380     -5.61    164.83 
    2.0400     -5.67    164.59 
    2.0420     -5.72    164.35 
    2.0440     -5.78    164.12 
    2.0460     -5.84    163.88 
    2.0480     -5.90    163.66 
    2.0500     -5.96    163.44 
    2.0520     -6.02    163.21 
    2.0540     -6.08    162.99 
    2.0560     -6.14    162.77 
    2.0580     -6.20    162.54 
    2.0600     -6.27    162.32 
    2.0620     -6.33    162.09 
    2.0640     -6.40    161.86 
    2.0660     -6.47    161.64 
    2.0680     -6.54    161.43 
    2.0700     -6.61    161.22 
    2.0720     -6.68    161.01 
    2.0740     -6.76    160.79 
    2.0760     -6.84    160.57 
    2.0780     -6.91    160.36 
    2.0800     -7.00    160.15 
    2.0820     -7.08    159.95 
    2.0840     -7.17    159.75 
    2.0860     -7.26    159.57 
    2.0880     -7.35    159.41 
    2.0900     -7.45    159.26 
    2.0920     -7.54    159.12 
    2.0940     -7.64    158.98 
    2.0960     -7.74    158.85 
    2.0980     -7.84    158.73 
    2.1000     -7.94    158.62 
    2.1020     -8.05    158.52 
    2.1040     -8.15    158.42 
    2.1060     -8.27    158.36 
    2.1080     -8.38    158.32 
    2.1100     -8.50    158.32 
    2.1120     -8.62    158.32 
    2.1140     -8.74    158.36 
    2.1160     -8.86    158.42 
    2.1180     -8.98    158.50 
    2.1200     -9.10    158.60 
    2.1220     -9.23    158.71 
    2.1240     -9.35    158.84 
    2.1260     -9.48    159.00 
    2.1280     -9.62    159.21 
    2.1300     -9.75    159.45 
    2.1320     -9.88    159.72 
    2.1340    -10.02    160.02 
    2.1360    -10.15    160.37 
    2.1380    -10.29    160.74 
    2.1400    -10.42    161.19 
    2.1420    -10.56    161.67 
    2.1440    -10.69    162.20 
    2.1460    -10.82    162.75 
    2.1480    -10.94    163.33 
    2.1500    -11.07    163.98 
    2.1520    -11.19    164.67 
    2.1540    -11.31    165.39 
    2.1560    -11.42    166.13 
    2.1580    -11.53    166.90 
    2.1600    -11.64    167.73 
    2.1620    -11.75    168.61 
    2.1640    -11.84    169.51 
    2.1660    -11.93    170.42 
    2.1680    -12.02    171.35 
    2.1700    -12.11    172.33 
    2.1720    -12.19    173.36 
    2.1740    -12.26    174.42 
    2.1760    -12.33    175.50 
    2.1780    -12.38    176.60 
    2.1800    -12.44    177.72 
    2.1820    -12.48    178.87 
    2.1840    -12.51   -179.96 
    2.1860    -12.54   -178.80 
    2.1880    -12.55   -177.66 
    2.1900    -12.56   -176.53 
    2.1920    -12.57   -175.38 
    2.1940    -12.57   -174.23 
    2.1960    -12.56   -173.08 
    2.1980    -12.55   -171.94 
    2.2000    -12.53   -170.79 
    2.2020    -12.51   -169.63 
    2.2040    -12.47   -168.47 
    2.2060    -12.42   -167.34 
    2.2080    -12.37   -166.26 
    2.2100    -12.31   -165.21 
    2.2120    -12.24   -164.19 
    2.2140    -12.18   -163.19 
    2.2160    -12.10   -162.22 
    2.2180    -12.03   -161.26 
    2.2200    -11.95   -160.32 
    2.2220    -11.87   -159.38 
    2.2240    -11.78   -158.47 
    2.2260    -11.68   -157.56 
    2.2280    -11.58   -156.70 
    2.2300    -11.47   -155.91 
    2.2320    -11.37   -155.14 
    2.2340    -11.26   -154.40 
    2.2360    -11.15   -153.68 
    2.2380    -11.03   -152.99 
    2.2400    -10.92   -152.33 
    2.2420    -10.80   -151.67 
    2.2440    -10.67   -151.06 
    2.2460    -10.55   -150.47 
    2.2480    -10.41   -149.94 
    2.2500    -10.28   -149.44 
    2.2520    -10.15   -149.00 
    2.2540    -10.01   -148.61 
    2.2560     -9.88   -148.25 
    2.2580     -9.75   -147.92 
    2.2600     -9.62   -147.61 
    2.2620     -9.50   -147.31 
    2.2640     -9.37   -147.05 
    2.2660     -9.24   -146.80 
    2.2680     -9.11   -146.58 
    2.2700     -8.98   -146.38 
    2.2720     -8.84   -146.24 
    2.2740     -8.71   -146.14 
    2.2760     -8.58   -146.08 
    2.2780     -8.46   -146.05 
    2.2800     -8.34   -146.02 
    2.2820     -8.22   -146.02 
    2.2840     -8.11   -146.03 
    2.2860     -8.00   -146.05 
    2.2880     -7.89   -146.09 
    2.2900     -7.78   -146.13 
    2.2920     -7.67   -146.17 
    2.2940     -7.57   -146.23 
    2.2960     -7.46   -146.32 
    2.2980     -7.36   -146.42 
    2.3000     -7.26   -146.53 
    2.3020     -7.16   -146.64 
    2.3040     -7.07   -146.77 
    2.3060     -6.97   -146.91 
    2.3080     -6.88   -147.07 
    2.3100     -6.79   -147.23 
    2.3120     -6.71   -147.38 
    2.3140     -6.62   -147.55 
    2.3160     -6.54   -147.71 
    2.3180     -6.46   -147.90 
    2.3200     -6.38   -148.08 
    2.3220     -6.30   -148.26 
    2.3240     -6.23   -148.43 
    2.3260     -6.15   -148.61 
    2.3280     -6.08   -148.79 
    2.3300     -6.00   -148.97 
    2.3320     -5.93   -149.16 
    2.3340     -5.86   -149.35 
    2.3360     -5.79   -149.54 
    2.3380     -5.72   -149.75 
    2.3400     -5.65   -149.96 
    2.3420     -5.58   -150.19 
    2.3440     -5.52   -150.41 
    2.3460     -5.45   -150.63 
    2.3480     -5.39   -150.86 
    2.3500     -5.33   -151.09 
    2.3520     -5.27   -151.32 
    2.3540     -5.21   -151.54 
    2.3560     -5.15   -151.76 
    2.3580     -5.09   -151.98 
    2.3600     -5.04   -152.21 
    2.3620     -4.98   -152.43 
    2.3640     -4.92   -152.66 
    2.3660     -4.87   -152.88 
    2.3680     -4.81   -153.11 
    2.3700     -4.76   -153.35 
    2.3720     -4.70   -153.59 
    2.3740     -4.65   -153.83 
    2.3760     -4.60   -154.07 
    2.3780     -4.54   -154.32 
    2.3800     -4.49   -154.58 
    2.3820     -4.44   -154.83 
    2.3840     -4.39   -155.09 
    2.3860     -4.35   -155.34 
    2.3880     -4.30   -155.60 
    2.3900     -4.26   -155.87 
    2.3920     -4.21   -156.12 
    2.3940     -4.17   -156.37 
    2.3960     -4.13   -156.63 
    2.3980     -4.08   -156.88 
    2.4000     -4.04   -157.14 
    2.4020     -4.00   -157.38 
    2.4040     -3.96   -157.64 
    2.4060     -3.92   -157.88 
    2.4080     -3.88   -158.13 
    2.4100     -3.84   -158.38 
    2.4120     -3.80   -158.63 
    2.4140     -3.77   -158.88 
    2.4160     -3.73   -159.13 
    2.4180     -3.69   -159.38 
    2.4200     -3.66   -159.62 
    2.4220     -3.62   -159.87 
    2.4240     -3.59   -160.11 
    2.4260     -3.55   -160.35 
    2.4280     -3.52   -160.59 
    2.4300     -3.48   -160.83 
    2.4320     -3.45   -161.07 
    2.4340     -3.41   -161.31 
    2.4360     -3.38   -161.54 
    2.4380     -3.34   -161.78 
    2.4400     -3.31   -162.01 
    2.4420     -3.28   -162.25 
    2.4440     -3.24   -162.49 
    2.4460     -3.21   -162.71 
    2.4480     -3.17   -162.94 
    2.4500     -3.14   -163.17 
    2.4520     -3.11   -163.41 
    2.4540     -3.07   -163.64 
    2.4560     -3.04   -163.87 
    2.4580     -3.00   -164.10 
    2.4600     -2.97   -164.34 
    2.4620     -2.93   -164.58 
    2.4640     -2.90   -164.82 
    2.4660     -2.87   -165.06 
    2.4680     -2.83   -165.29 
    2.4700     -2.80   -165.52 
    2.4720     -2.77   -165.75 
    2.4740     -2.74   -165.98 
    2.4760     -2.70   -166.20 
    2.4780     -2.67   -166.43 
    2.4800     -2.64   -166.66 
    2.4820     -2.60   -166.90 
    2.4840     -2.57   -167.13 
    2.4860     -2.54   -167.37 
    2.4880     -2.50   -167.61 
    2.4900     -2.47   -167.84 
    2.4920     -2.44   -168.08 
    2.4940     -2.41   -168.31 
    2.4960     -2.38   -168.53 
    2.4980     -2.35   -168.75 
    2.5000     -2.31   -168.98 
    2.5020     -2.28   -169.21 
    2.5040     -2.25   -169.43 
    2.5060     -2.22   -169.64 
    2.5080     -2.18   -169.87 
    2.5100     -2.15   -170.09 
    2.5120     -2.12   -170.32 
    2.5140     -2.09   -170.54 
    2.5160     -2.05   -170.75 
    2.5180     -2.02   -170.98 
    2.5200     -1.98   -171.20 
    2.5220     -1.95   -171.42 
    2.5240     -1.91   -171.64 
    2.5260     -1.88   -171.87 
    2.5280     -1.84   -172.09 
    2.5300     -1.81   -172.32 
    2.5320     -1.77   -172.55 
    2.5340     -1.74   -172.79 
    2.5360     -1.70   -173.01 
    2.5380     -1.66   -173.25 
    2.5400     -1.63   -173.48 
    2.5420     -1.59   -173.72 
    2.5440     -1.55   -173.97 
    2.5460     -1.51   -174.22 
    2.5480     -1.47   -174.47 
    2.5500     -1.44   -174.73 
    2.5520     -1.40   -174.99 
    2.5540     -1.36   -175.25 
    2.5560     -1.32   -175.52 
    2.5580     -1.28   -175.79 
    2.5600     -1.24   -176.07 
    2.5620     -1.20   -176.36 
    2.5640     -1.16   -176.65 
    2.5660     -1.12   -176.95 
    2.5680     -1.09   -177.24 
    2.5700     -1.05   -177.55 
    2.5720     -1.01   -177.87 
    2.5740     -0.97   -178.19 
    2.5760     -0.94   -178.51 
    2.5780     -0.90   -178.84 
    2.5800     -0.86   -179.18 
    2.5820     -0.83   -179.52 
    2.5840     -0.79   -179.87 
    2.5860     -0.76    179.78 
    2.5880     -0.73    179.42 
    2.5900     -0.69    179.06 
    2.5920     -0.66    178.69 
    2.5940     -0.63    178.32 
    2.5960     -0.60    177.95 
    2.5980     -0.57    177.57 
    2.6000     -0.54    177.19 
    2.6020     -0.52    176.81 
    2.6040     -0.49    176.42 
    2.6060     -0.46    176.03 
    2.6080     -0.44    175.63 
    2.6100     -0.42    175.24 
    2.6120     -0.39    174.84 
    2.6140     -0.37    174.44 
    2.6160     -0.35    174.04 
    2.6180     -0.33    173.65 
    2.6200     -0.31    173.24 
    2.6220     -0.30    172.84 
    2.6240     -0.28    172.44 
    2.6260     -0.26    172.03 
    2.6280     -0.25    171.63 
    2.6300     -0.23    171.23 
    2.6320     -0.22    170.83 
    2.6340     -0.21    170.43 
    2.6360     -0.20    170.03 
    2.6380     -0.19    169.64 
    2.6400     -0.18    169.24 
    2.6420     -0.17    168.85 
    2.6440     -0.16    168.45 
    2.6460     -0.16    168.06 
    2.6480     -0.15    167.68 
    2.6500     -0.15    167.30 
    2.6520     -0.14    166.91 
    2.6540     -0.14    166.53 
    2.6560     -0.13    166.15 
    2.6580     -0.13    165.78 
    2.6600     -0.13    165.41 
    2.6620     -0.13    165.04 
    2.6640     -0.13    164.68 
    2.6660     -0.13    164.32 
    2.6680     -0.13    163.96 
    2.6700     -0.13    163.61 
    2.6720     -0.13    163.25 
    2.6740     -0.13    162.91 
    2.6760     -0.13    162.56 
    2.6780     -0.13    162.22 
    2.6800     -0.13    161.89 
    2.6820     -0.13    161.55 
    2.6840     -0.14    161.22 
    2.6860     -0.14    160.89 
    2.6880     -0.14    160.57 
    2.6900     -0.14    160.25 
    2.6920     -0.15    159.93 
    2.6940     -0.15    159.61 
    2.6960     -0.15    159.30 
    2.6980     -0.16    158.99 
    2.7000     -0.16    158.69 
    2.7020     -0.16    158.38 
    2.7040     -0.17    158.08 
    2.7060     -0.17    157.78 
    2.7080     -0.17    157.48 
    2.7100     -0.18    157.18 
    2.7120     -0.18    156.89 
    2.7140     -0.18    156.60 
    2.7160     -0.19    156.31 
    2.7180     -0.19    156.02 
    2.7200     -0.19    155.73 
    2.7220     -0.20    155.45 
    2.7240     -0.20    155.16 
    2.7260     -0.20    154.88 
    2.7280     -0.21    154.60 
    2.7300     -0.21    154.32 
    2.7320     -0.21    154.05 
    2.7340     -0.22    153.77 
    2.7360     -0.22    153.50 
    2.7380     -0.22    153.23 
    2.7400     -0.23    152.96 
    2.7420     -0.23    152.69 
    2.7440     -0.23    152.42 
    2.7460     -0.24    152.15 
    2.7480     -0.24    151.89 
    2.7500     -0.24    151.62 
    2.7520     -0.24    151.36 
    2.7540     -0.25    151.10 
    2.7560     -0.25    150.84 
    2.7580     -0.25    150.58 
    2.7600     -0.26    150.32 
    2.7620     -0.26    150.06 
    2.7640     -0.26    149.81 
    2.7660     -0.26    149.56 
    2.7680     -0.27    149.30 
    2.7700     -0.27    149.05 
    2.7720     -0.27    148.80 
    2.7740     -0.27    148.55 
    2.7760     -0.27    148.30 
    2.7780     -0.28    148.06 
    2.7800     -0.28    147.82 
    2.7820     -0.28    147.57 
    2.7840     -0.28    147.33 
    2.7860     -0.29    147.09 
    2.7880     -0.29    146.85 
    2.7900     -0.29    146.62 
    2.7920     -0.29    146.38 
    2.7940     -0.29    146.14 
    2.7960     -0.29    145.91 
    2.7980     -0.30    145.67 
    2.8000     -0.30    145.44 
