Theta [deg.]  Phi   [deg.]  Abs(Grlz)[dBi   ]   Abs(???  )[dBi   ]  Phase(???  )[deg.]  Abs(???  )[dBi   ]  Phase(???  )[deg.]  Ax.Ratio[dB    ]    
------------------------------------------------------------------------------------------------------------------------------------------------------
   0.000          90.000            4.335e-01           4.335e-01               0.000           4.335e-01               0.000          -2.714e+01     
   1.000          90.000            4.341e-01           4.341e-01               0.000           4.341e-01               0.000          -2.714e+01     
   2.000          90.000            4.317e-01           4.317e-01               0.000           4.317e-01               0.000          -2.714e+01     
   3.000          90.000            4.263e-01           4.263e-01               0.000           4.263e-01               0.000          -2.715e+01     
   4.000          90.000            4.180e-01           4.180e-01               0.000           4.180e-01               0.000          -2.717e+01     
   5.000          90.000            4.067e-01           4.067e-01               0.000           4.067e-01               0.000          -2.719e+01     
   6.000          90.000            3.925e-01           3.925e-01               0.000           3.925e-01               0.000          -2.722e+01     
   7.000          90.000            3.752e-01           3.752e-01               0.000           3.752e-01               0.000          -2.725e+01     
   8.000          90.000            3.550e-01           3.550e-01               0.000           3.550e-01               0.000          -2.729e+01     
   9.000          90.000            3.317e-01           3.317e-01               0.000           3.317e-01               0.000          -2.734e+01     
  10.000          90.000            3.055e-01           3.055e-01               0.000           3.055e-01               0.000          -2.739e+01     
  11.000          90.000            2.762e-01           2.762e-01               0.000           2.762e-01               0.000          -2.745e+01     
  12.000          90.000            2.439e-01           2.439e-01               0.000           2.439e-01               0.000          -2.752e+01     
  13.000          90.000            2.085e-01           2.085e-01               0.000           2.085e-01               0.000          -2.759e+01     
  14.000          90.000            1.701e-01           1.701e-01               0.000           1.701e-01               0.000          -2.766e+01     
  15.000          90.000            1.285e-01           1.285e-01               0.000           1.285e-01               0.000          -2.775e+01     
  16.000          90.000            8.388e-02           8.388e-02               0.000           8.388e-02               0.000          -2.784e+01     
  17.000          90.000            3.610e-02           3.610e-02               0.000           3.610e-02               0.000          -2.793e+01     
  18.000          90.000           -1.484e-02          -1.484e-02               0.000          -1.484e-02               0.000          -2.803e+01     
  19.000          90.000           -6.896e-02          -6.896e-02               0.000          -6.896e-02               0.000          -2.814e+01     
  20.000          90.000           -1.263e-01          -1.263e-01               0.000          -1.263e-01               0.000          -2.826e+01     
  21.000          90.000           -1.869e-01          -1.869e-01               0.000          -1.869e-01               0.000          -2.838e+01     
  22.000          90.000           -2.507e-01          -2.507e-01               0.000          -2.507e-01               0.000          -2.851e+01     
  23.000          90.000           -3.179e-01          -3.179e-01               0.000          -3.179e-01               0.000          -2.864e+01     
  24.000          90.000           -3.884e-01          -3.884e-01               0.000          -3.884e-01               0.000          -2.878e+01     
  25.000          90.000           -4.623e-01          -4.623e-01               0.000          -4.623e-01               0.000          -2.893e+01     
  26.000          90.000           -5.396e-01          -5.396e-01               0.000          -5.396e-01               0.000          -2.908e+01     
  27.000          90.000           -6.204e-01          -6.204e-01               0.000          -6.204e-01               0.000          -2.925e+01     
  28.000          90.000           -7.048e-01          -7.048e-01               0.000          -7.048e-01               0.000          -2.941e+01     
  29.000          90.000           -7.927e-01          -7.927e-01               0.000          -7.927e-01               0.000          -2.959e+01     
  30.000          90.000           -8.842e-01          -8.842e-01               0.000          -8.842e-01               0.000          -2.977e+01     
  31.000          90.000           -9.795e-01          -9.795e-01               0.000          -9.795e-01               0.000          -2.996e+01     
  32.000          90.000           -1.078e+00          -1.078e+00               0.000          -1.078e+00               0.000          -3.016e+01     
  33.000          90.000           -1.181e+00          -1.181e+00               0.000          -1.181e+00               0.000          -3.037e+01     
  34.000          90.000           -1.288e+00          -1.288e+00               0.000          -1.288e+00               0.000          -3.058e+01     
  35.000          90.000           -1.399e+00          -1.399e+00               0.000          -1.399e+00               0.000          -3.080e+01     
  36.000          90.000           -1.514e+00          -1.514e+00               0.000          -1.514e+00               0.000          -3.103e+01     
  37.000          90.000           -1.632e+00          -1.632e+00               0.000          -1.632e+00               0.000          -3.127e+01     
  38.000          90.000           -1.756e+00          -1.756e+00               0.000          -1.756e+00               0.000          -3.152e+01     
  39.000          90.000           -1.883e+00          -1.883e+00               0.000          -1.883e+00               0.000          -3.177e+01     
  40.000          90.000           -2.015e+00          -2.015e+00               0.000          -2.015e+00               0.000          -3.203e+01     
  41.000          90.000           -2.152e+00          -2.152e+00               0.000          -2.152e+00               0.000          -3.231e+01     
  42.000          90.000           -2.293e+00          -2.293e+00               0.000          -2.293e+00               0.000          -3.259e+01     
  43.000          90.000           -2.439e+00          -2.439e+00               0.000          -2.439e+00               0.000          -3.288e+01     
  44.000          90.000           -2.590e+00          -2.590e+00               0.000          -2.590e+00               0.000          -3.318e+01     
  45.000          90.000           -2.746e+00          -2.746e+00               0.000          -2.746e+00               0.000          -3.350e+01     
  46.000          90.000           -2.908e+00          -2.908e+00               0.000          -2.908e+00               0.000          -3.382e+01     
  47.000          90.000           -3.075e+00          -3.075e+00               0.000          -3.075e+00               0.000          -3.415e+01     
  48.000          90.000           -3.247e+00          -3.247e+00               0.000          -3.247e+00               0.000          -3.450e+01     
  49.000          90.000           -3.426e+00          -3.426e+00               0.000          -3.426e+00               0.000          -3.486e+01     
  50.000          90.000           -3.611e+00          -3.611e+00               0.000          -3.611e+00               0.000          -3.523e+01     
  51.000          90.000           -3.802e+00          -3.802e+00               0.000          -3.802e+00               0.000          -3.561e+01     
  52.000          90.000           -3.999e+00          -3.999e+00               0.000          -3.999e+00               0.000          -3.600e+01     
  53.000          90.000           -4.204e+00          -4.204e+00               0.000          -4.204e+00               0.000          -3.641e+01     
  54.000          90.000           -4.415e+00          -4.415e+00               0.000          -4.415e+00               0.000          -3.684e+01     
  55.000          90.000           -4.635e+00          -4.635e+00               0.000          -4.635e+00               0.000          -3.727e+01     
  56.000          90.000           -4.862e+00          -4.862e+00               0.000          -4.862e+00               0.000          -3.773e+01     
  57.000          90.000           -5.097e+00          -5.097e+00               0.000          -5.097e+00               0.000          -3.820e+01     
  58.000          90.000           -5.342e+00          -5.342e+00               0.000          -5.342e+00               0.000          -3.869e+01     
  59.000          90.000           -5.595e+00          -5.595e+00               0.000          -5.595e+00               0.000          -3.920e+01     
  60.000          90.000           -5.859e+00          -5.859e+00               0.000          -5.859e+00               0.000          -3.972e+01     
  61.000          90.000           -6.132e+00          -6.132e+00               0.000          -6.132e+00               0.000          -4.027e+01     
  62.000          90.000           -6.417e+00          -6.417e+00               0.000          -6.417e+00               0.000          -4.084e+01     
  63.000          90.000           -6.714e+00          -6.714e+00               0.000          -6.714e+00               0.000          -4.143e+01     
  64.000          90.000           -7.023e+00          -7.023e+00               0.000          -7.023e+00               0.000          -4.205e+01     
  65.000          90.000           -7.346e+00          -7.346e+00               0.000          -7.346e+00               0.000          -4.270e+01     
  66.000          90.000           -7.683e+00          -7.683e+00               0.000          -7.683e+00               0.000          -4.337e+01     
  67.000          90.000           -8.036e+00          -8.036e+00               0.000          -8.036e+00               0.000          -4.408e+01     
  68.000          90.000           -8.406e+00          -8.406e+00               0.000          -8.406e+00               0.000          -4.482e+01     
  69.000          90.000           -8.794e+00          -8.794e+00               0.000          -8.794e+00               0.000          -4.559e+01     
  70.000          90.000           -9.203e+00          -9.203e+00               0.000          -9.203e+00               0.000          -4.641e+01     
  71.000          90.000           -9.633e+00          -9.633e+00               0.000          -9.633e+00               0.000          -4.727e+01     
  72.000          90.000           -1.009e+01          -1.009e+01               0.000          -1.009e+01               0.000          -4.818e+01     
  73.000          90.000           -1.057e+01          -1.057e+01               0.000          -1.057e+01               0.000          -4.915e+01     
  74.000          90.000           -1.108e+01          -1.108e+01               0.000          -1.108e+01               0.000          -5.017e+01     
  75.000          90.000           -1.163e+01          -1.163e+01               0.000          -1.163e+01               0.000          -5.127e+01     
  76.000          90.000           -1.222e+01          -1.222e+01               0.000          -1.222e+01               0.000          -5.244e+01     
  77.000          90.000           -1.285e+01          -1.285e+01               0.000          -1.285e+01               0.000          -5.370e+01     
  78.000          90.000           -1.353e+01          -1.353e+01               0.000          -1.353e+01               0.000          -5.506e+01     
  79.000          90.000           -1.427e+01          -1.427e+01               0.000          -1.427e+01               0.000          -5.654e+01     
  80.000          90.000           -1.508e+01          -1.508e+01               0.000          -1.508e+01               0.000          -5.816e+01     
  81.000          90.000           -1.598e+01          -1.598e+01               0.000          -1.598e+01               0.000          -5.996e+01     
  82.000          90.000           -1.698e+01          -1.698e+01               0.000          -1.698e+01               0.000          -6.196e+01     
  83.000          90.000           -1.811e+01          -1.811e+01               0.000          -1.811e+01               0.000          -6.423e+01     
  84.000          90.000           -1.942e+01          -1.942e+01               0.000          -1.942e+01               0.000          -6.684e+01     
  85.000          90.000           -2.096e+01          -2.096e+01               0.000          -2.096e+01               0.000          -6.992e+01     
  86.000          90.000           -2.282e+01          -2.282e+01               0.000          -2.282e+01               0.000          -7.365e+01     
  87.000          90.000           -2.519e+01          -2.519e+01               0.000          -2.519e+01               0.000          -7.839e+01     
  88.000          90.000           -2.843e+01          -2.843e+01               0.000          -2.843e+01               0.000          -8.486e+01     
  89.000          90.000           -3.339e+01          -3.339e+01               0.000          -3.339e+01               0.000          -9.478e+01     
  90.000          90.000           -4.040e+01          -4.040e+01               0.000          -4.040e+01               0.000          -1.088e+02     
  91.000          90.000           -3.475e+01          -3.475e+01               0.000          -3.475e+01               0.000          -9.751e+01     
  92.000          90.000           -2.925e+01          -2.925e+01               0.000          -2.925e+01               0.000          -8.650e+01     
  93.000          90.000           -2.576e+01          -2.576e+01               0.000          -2.576e+01               0.000          -7.953e+01     
  94.000          90.000           -2.325e+01          -2.325e+01               0.000          -2.325e+01               0.000          -7.451e+01     
  95.000          90.000           -2.130e+01          -2.130e+01               0.000          -2.130e+01               0.000          -7.061e+01     
  96.000          90.000           -1.971e+01          -1.971e+01               0.000          -1.971e+01               0.000          -6.742e+01     
  97.000          90.000           -1.836e+01          -1.836e+01               0.000          -1.836e+01               0.000          -6.473e+01     
  98.000          90.000           -1.720e+01          -1.720e+01               0.000          -1.720e+01               0.000          -6.240e+01     
  99.000          90.000           -1.617e+01          -1.617e+01               0.000          -1.617e+01               0.000          -6.035e+01     
 100.000          90.000           -1.526e+01          -1.526e+01               0.000          -1.526e+01               0.000          -5.852e+01     
 101.000          90.000           -1.443e+01          -1.443e+01               0.000          -1.443e+01               0.000          -5.686e+01     
 102.000          90.000           -1.368e+01          -1.368e+01               0.000          -1.368e+01               0.000          -5.536e+01     
 103.000          90.000           -1.298e+01          -1.298e+01               0.000          -1.298e+01               0.000          -5.397e+01     
 104.000          90.000           -1.234e+01          -1.234e+01               0.000          -1.234e+01               0.000          -5.269e+01     
 105.000          90.000           -1.175e+01          -1.175e+01               0.000          -1.175e+01               0.000          -5.151e+01     
 106.000          90.000           -1.120e+01          -1.120e+01               0.000          -1.120e+01               0.000          -5.040e+01     
 107.000          90.000           -1.068e+01          -1.068e+01               0.000          -1.068e+01               0.000          -4.936e+01     
 108.000          90.000           -1.019e+01          -1.019e+01               0.000          -1.019e+01               0.000          -4.838e+01     
 109.000          90.000           -9.729e+00          -9.729e+00               0.000          -9.729e+00               0.000          -4.746e+01     
 110.000          90.000           -9.294e+00          -9.294e+00               0.000          -9.294e+00               0.000          -4.659e+01     
 111.000          90.000           -8.882e+00          -8.882e+00               0.000          -8.882e+00               0.000          -4.577e+01     
 112.000          90.000           -8.489e+00          -8.489e+00               0.000          -8.489e+00               0.000          -4.498e+01     
 113.000          90.000           -8.116e+00          -8.116e+00               0.000          -8.116e+00               0.000          -4.424e+01     
 114.000          90.000           -7.760e+00          -7.760e+00               0.000          -7.760e+00               0.000          -4.352e+01     
 115.000          90.000           -7.420e+00          -7.420e+00               0.000          -7.420e+00               0.000          -4.284e+01     
 116.000          90.000           -7.095e+00          -7.095e+00               0.000          -7.095e+00               0.000          -4.219e+01     
 117.000          90.000           -6.783e+00          -6.783e+00               0.000          -6.783e+00               0.000          -4.157e+01     
 118.000          90.000           -6.484e+00          -6.484e+00               0.000          -6.484e+00               0.000          -4.097e+01     
 119.000          90.000           -6.197e+00          -6.197e+00               0.000          -6.197e+00               0.000          -4.040e+01     
 120.000          90.000           -5.921e+00          -5.921e+00               0.000          -5.921e+00               0.000          -3.985e+01     
 121.000          90.000           -5.656e+00          -5.656e+00               0.000          -5.656e+00               0.000          -3.932e+01     
 122.000          90.000           -5.400e+00          -5.400e+00               0.000          -5.400e+00               0.000          -3.881e+01     
 123.000          90.000           -5.154e+00          -5.154e+00               0.000          -5.154e+00               0.000          -3.831e+01     
 124.000          90.000           -4.917e+00          -4.917e+00               0.000          -4.917e+00               0.000          -3.784e+01     
 125.000          90.000           -4.688e+00          -4.688e+00               0.000          -4.688e+00               0.000          -3.738e+01     
 126.000          90.000           -4.467e+00          -4.467e+00               0.000          -4.467e+00               0.000          -3.694e+01     
 127.000          90.000           -4.254e+00          -4.254e+00               0.000          -4.254e+00               0.000          -3.651e+01     
 128.000          90.000           -4.048e+00          -4.048e+00               0.000          -4.048e+00               0.000          -3.610e+01     
 129.000          90.000           -3.849e+00          -3.849e+00               0.000          -3.849e+00               0.000          -3.570e+01     
 130.000          90.000           -3.656e+00          -3.656e+00               0.000          -3.656e+00               0.000          -3.532e+01     
 131.000          90.000           -3.470e+00          -3.470e+00               0.000          -3.470e+00               0.000          -3.494e+01     
 132.000          90.000           -3.290e+00          -3.290e+00               0.000          -3.290e+00               0.000          -3.458e+01     
 133.000          90.000           -3.116e+00          -3.116e+00               0.000          -3.116e+00               0.000          -3.424e+01     
 134.000          90.000           -2.948e+00          -2.948e+00               0.000          -2.948e+00               0.000          -3.390e+01     
 135.000          90.000           -2.785e+00          -2.785e+00               0.000          -2.785e+00               0.000          -3.357e+01     
 136.000          90.000           -2.627e+00          -2.627e+00               0.000          -2.627e+00               0.000          -3.326e+01     
 137.000          90.000           -2.475e+00          -2.475e+00               0.000          -2.475e+00               0.000          -3.295e+01     
 138.000          90.000           -2.327e+00          -2.327e+00               0.000          -2.327e+00               0.000          -3.266e+01     
 139.000          90.000           -2.185e+00          -2.185e+00               0.000          -2.185e+00               0.000          -3.237e+01     
 140.000          90.000           -2.047e+00          -2.047e+00               0.000          -2.047e+00               0.000          -3.210e+01     
 141.000          90.000           -1.914e+00          -1.914e+00               0.000          -1.914e+00               0.000          -3.183e+01     
 142.000          90.000           -1.785e+00          -1.785e+00               0.000          -1.785e+00               0.000          -3.157e+01     
 143.000          90.000           -1.660e+00          -1.660e+00               0.000          -1.660e+00               0.000          -3.133e+01     
 144.000          90.000           -1.540e+00          -1.540e+00               0.000          -1.540e+00               0.000          -3.108e+01     
 145.000          90.000           -1.424e+00          -1.424e+00               0.000          -1.424e+00               0.000          -3.085e+01     
 146.000          90.000           -1.312e+00          -1.312e+00               0.000          -1.312e+00               0.000          -3.063e+01     
 147.000          90.000           -1.204e+00          -1.204e+00               0.000          -1.204e+00               0.000          -3.041e+01     
 148.000          90.000           -1.100e+00          -1.100e+00               0.000          -1.100e+00               0.000          -3.020e+01     
 149.000          90.000           -9.992e-01          -9.992e-01               0.000          -9.992e-01               0.000          -3.000e+01     
 150.000          90.000           -9.026e-01          -9.026e-01               0.000          -9.026e-01               0.000          -2.981e+01     
 151.000          90.000           -8.096e-01          -8.096e-01               0.000          -8.096e-01               0.000          -2.962e+01     
 152.000          90.000           -7.203e-01          -7.203e-01               0.000          -7.203e-01               0.000          -2.945e+01     
 153.000          90.000           -6.345e-01          -6.345e-01               0.000          -6.345e-01               0.000          -2.927e+01     
 154.000          90.000           -5.523e-01          -5.523e-01               0.000          -5.523e-01               0.000          -2.911e+01     
 155.000          90.000           -4.735e-01          -4.735e-01               0.000          -4.735e-01               0.000          -2.895e+01     
 156.000          90.000           -3.981e-01          -3.981e-01               0.000          -3.981e-01               0.000          -2.880e+01     
 157.000          90.000           -3.261e-01          -3.261e-01               0.000          -3.261e-01               0.000          -2.866e+01     
 158.000          90.000           -2.574e-01          -2.574e-01               0.000          -2.574e-01               0.000          -2.852e+01     
 159.000          90.000           -1.921e-01          -1.921e-01               0.000          -1.921e-01               0.000          -2.839e+01     
 160.000          90.000           -1.299e-01          -1.299e-01               0.000          -1.299e-01               0.000          -2.826e+01     
 161.000          90.000           -7.105e-02          -7.105e-02               0.000          -7.105e-02               0.000          -2.815e+01     
 162.000          90.000           -1.536e-02          -1.536e-02               0.000          -1.536e-02               0.000          -2.804e+01     
 163.000          90.000            3.717e-02           3.717e-02               0.000           3.717e-02               0.000          -2.793e+01     
 164.000          90.000            8.655e-02           8.655e-02               0.000           8.655e-02               0.000          -2.783e+01     
 165.000          90.000            1.328e-01           1.328e-01               0.000           1.328e-01               0.000          -2.774e+01     
 166.000          90.000            1.760e-01           1.760e-01               0.000           1.760e-01               0.000          -2.765e+01     
 167.000          90.000            2.161e-01           2.161e-01               0.000           2.161e-01               0.000          -2.757e+01     
 168.000          90.000            2.531e-01           2.531e-01               0.000           2.531e-01               0.000          -2.750e+01     
 169.000          90.000            2.872e-01           2.872e-01               0.000           2.872e-01               0.000          -2.743e+01     
 170.000          90.000            3.181e-01           3.181e-01               0.000           3.181e-01               0.000          -2.737e+01     
 171.000          90.000            3.461e-01           3.461e-01               0.000           3.461e-01               0.000          -2.731e+01     
 172.000          90.000            3.711e-01           3.711e-01               0.000           3.711e-01               0.000          -2.726e+01     
 173.000          90.000            3.931e-01           3.931e-01               0.000           3.931e-01               0.000          -2.722e+01     
 174.000          90.000            4.122e-01           4.122e-01               0.000           4.122e-01               0.000          -2.718e+01     
 175.000          90.000            4.282e-01           4.282e-01               0.000           4.282e-01               0.000          -2.715e+01     
 176.000          90.000            4.413e-01           4.413e-01               0.000           4.413e-01               0.000          -2.712e+01     
 177.000          90.000            4.515e-01           4.515e-01               0.000           4.515e-01               0.000          -2.710e+01     
 178.000          90.000            4.587e-01           4.587e-01               0.000           4.587e-01               0.000          -2.709e+01     
 179.000          90.000            4.630e-01           4.630e-01               0.000           4.630e-01               0.000          -2.708e+01     
 180.000          90.000            4.643e-01           4.643e-01               0.000           4.643e-01               0.000          -2.708e+01     
 -179.000         270.000            4.627e-01           4.627e-01               0.000           4.627e-01               0.000          -2.708e+01
 -178.000         270.000            4.582e-01           4.582e-01               0.000           4.582e-01               0.000          -2.709e+01
 -177.000         270.000            4.507e-01           4.507e-01               0.000           4.507e-01               0.000          -2.710e+01
 -176.000         270.000            4.403e-01           4.403e-01               0.000           4.403e-01               0.000          -2.712e+01
 -175.000         270.000            4.269e-01           4.269e-01               0.000           4.269e-01               0.000          -2.715e+01
 -174.000         270.000            4.105e-01           4.105e-01               0.000           4.105e-01               0.000          -2.718e+01
 -173.000         270.000            3.912e-01           3.912e-01               0.000           3.912e-01               0.000          -2.722e+01
 -172.000         270.000            3.690e-01           3.690e-01               0.000           3.690e-01               0.000          -2.727e+01
 -171.000         270.000            3.437e-01           3.437e-01               0.000           3.437e-01               0.000          -2.732e+01
 -170.000         270.000            3.155e-01           3.155e-01               0.000           3.155e-01               0.000          -2.737e+01
 -169.000         270.000            2.843e-01           2.843e-01               0.000           2.843e-01               0.000          -2.744e+01
 -168.000         270.000            2.500e-01           2.500e-01               0.000           2.500e-01               0.000          -2.750e+01
 -167.000         270.000            2.128e-01           2.128e-01               0.000           2.128e-01               0.000          -2.758e+01
 -166.000         270.000            1.725e-01           1.725e-01               0.000           1.725e-01               0.000          -2.766e+01
 -165.000         270.000            1.291e-01           1.291e-01               0.000           1.291e-01               0.000          -2.775e+01
 -164.000         270.000            8.262e-02           8.262e-02               0.000           8.262e-02               0.000          -2.784e+01
 -163.000         270.000            3.306e-02           3.306e-02               0.000           3.306e-02               0.000          -2.794e+01
 -162.000         270.000           -1.963e-02          -1.963e-02               0.000          -1.963e-02               0.000          -2.804e+01
 -161.000         270.000           -7.548e-02          -7.548e-02               0.000          -7.548e-02               0.000          -2.816e+01
 -160.000         270.000           -1.345e-01          -1.345e-01               0.000          -1.345e-01               0.000          -2.827e+01
 -159.000         270.000           -1.967e-01          -1.967e-01               0.000          -1.967e-01               0.000          -2.840e+01
 -158.000         270.000           -2.622e-01          -2.622e-01               0.000          -2.622e-01               0.000          -2.853e+01
 -157.000         270.000           -3.310e-01          -3.310e-01               0.000          -3.310e-01               0.000          -2.867e+01
 -156.000         270.000           -4.030e-01          -4.030e-01               0.000          -4.030e-01               0.000          -2.881e+01
 -155.000         270.000           -4.785e-01          -4.785e-01               0.000          -4.785e-01               0.000          -2.896e+01
 -154.000         270.000           -5.573e-01          -5.573e-01               0.000          -5.573e-01               0.000          -2.912e+01
 -153.000         270.000           -6.395e-01          -6.395e-01               0.000          -6.395e-01               0.000          -2.928e+01
 -152.000         270.000           -7.252e-01          -7.252e-01               0.000          -7.252e-01               0.000          -2.946e+01
 -151.000         270.000           -8.145e-01          -8.145e-01               0.000          -8.145e-01               0.000          -2.963e+01
 -150.000         270.000           -9.074e-01          -9.074e-01               0.000          -9.074e-01               0.000          -2.982e+01
 -149.000         270.000           -1.004e+00          -1.004e+00               0.000          -1.004e+00               0.000          -3.001e+01
 -148.000         270.000           -1.104e+00          -1.104e+00               0.000          -1.104e+00               0.000          -3.021e+01
 -147.000         270.000           -1.208e+00          -1.208e+00               0.000          -1.208e+00               0.000          -3.042e+01
 -146.000         270.000           -1.316e+00          -1.316e+00               0.000          -1.316e+00               0.000          -3.064e+01
 -145.000         270.000           -1.428e+00          -1.428e+00               0.000          -1.428e+00               0.000          -3.086e+01
 -144.000         270.000           -1.543e+00          -1.543e+00               0.000          -1.543e+00               0.000          -3.109e+01
 -143.000         270.000           -1.663e+00          -1.663e+00               0.000          -1.663e+00               0.000          -3.133e+01
 -142.000         270.000           -1.787e+00          -1.787e+00               0.000          -1.787e+00               0.000          -3.158e+01
 -141.000         270.000           -1.916e+00          -1.916e+00               0.000          -1.916e+00               0.000          -3.184e+01
 -140.000         270.000           -2.048e+00          -2.048e+00               0.000          -2.048e+00               0.000          -3.210e+01
 -139.000         270.000           -2.186e+00          -2.186e+00               0.000          -2.186e+00               0.000          -3.238e+01
 -138.000         270.000           -2.327e+00          -2.327e+00               0.000          -2.327e+00               0.000          -3.266e+01
 -137.000         270.000           -2.474e+00          -2.474e+00               0.000          -2.474e+00               0.000          -3.295e+01
 -136.000         270.000           -2.626e+00          -2.626e+00               0.000          -2.626e+00               0.000          -3.326e+01
 -135.000         270.000           -2.782e+00          -2.782e+00               0.000          -2.782e+00               0.000          -3.357e+01
 -134.000         270.000           -2.944e+00          -2.944e+00               0.000          -2.944e+00               0.000          -3.389e+01
 -133.000         270.000           -3.111e+00          -3.111e+00               0.000          -3.111e+00               0.000          -3.423e+01
 -132.000         270.000           -3.284e+00          -3.284e+00               0.000          -3.284e+00               0.000          -3.457e+01
 -131.000         270.000           -3.462e+00          -3.462e+00               0.000          -3.462e+00               0.000          -3.493e+01
 -130.000         270.000           -3.647e+00          -3.647e+00               0.000          -3.647e+00               0.000          -3.530e+01
 -129.000         270.000           -3.837e+00          -3.837e+00               0.000          -3.837e+00               0.000          -3.568e+01
 -128.000         270.000           -4.035e+00          -4.035e+00               0.000          -4.035e+00               0.000          -3.607e+01
 -127.000         270.000           -4.239e+00          -4.239e+00               0.000          -4.239e+00               0.000          -3.648e+01
 -126.000         270.000           -4.450e+00          -4.450e+00               0.000          -4.450e+00               0.000          -3.690e+01
 -125.000         270.000           -4.668e+00          -4.668e+00               0.000          -4.668e+00               0.000          -3.734e+01
 -124.000         270.000           -4.894e+00          -4.894e+00               0.000          -4.894e+00               0.000          -3.779e+01
 -123.000         270.000           -5.129e+00          -5.129e+00               0.000          -5.129e+00               0.000          -3.826e+01
 -122.000         270.000           -5.372e+00          -5.372e+00               0.000          -5.372e+00               0.000          -3.875e+01
 -121.000         270.000           -5.624e+00          -5.624e+00               0.000          -5.624e+00               0.000          -3.925e+01
 -120.000         270.000           -5.885e+00          -5.885e+00               0.000          -5.885e+00               0.000          -3.978e+01
 -119.000         270.000           -6.157e+00          -6.157e+00               0.000          -6.157e+00               0.000          -4.032e+01
 -118.000         270.000           -6.440e+00          -6.440e+00               0.000          -6.440e+00               0.000          -4.088e+01
 -117.000         270.000           -6.734e+00          -6.734e+00               0.000          -6.734e+00               0.000          -4.147e+01
 -116.000         270.000           -7.040e+00          -7.040e+00               0.000          -7.040e+00               0.000          -4.208e+01
 -115.000         270.000           -7.359e+00          -7.359e+00               0.000          -7.359e+00               0.000          -4.272e+01
 -114.000         270.000           -7.693e+00          -7.693e+00               0.000          -7.693e+00               0.000          -4.339e+01
 -113.000         270.000           -8.042e+00          -8.042e+00               0.000          -8.042e+00               0.000          -4.409e+01
 -112.000         270.000           -8.407e+00          -8.407e+00               0.000          -8.407e+00               0.000          -4.482e+01
 -111.000         270.000           -8.790e+00          -8.790e+00               0.000          -8.790e+00               0.000          -4.559e+01
 -110.000         270.000           -9.193e+00          -9.193e+00               0.000          -9.193e+00               0.000          -4.639e+01
 -109.000         270.000           -9.617e+00          -9.617e+00               0.000          -9.617e+00               0.000          -4.724e+01
 -108.000         270.000           -1.007e+01          -1.007e+01               0.000          -1.007e+01               0.000          -4.813e+01
 -107.000         270.000           -1.054e+01          -1.054e+01               0.000          -1.054e+01               0.000          -4.908e+01
 -106.000         270.000           -1.104e+01          -1.104e+01               0.000          -1.104e+01               0.000          -5.009e+01
 -105.000         270.000           -1.158e+01          -1.158e+01               0.000          -1.158e+01               0.000          -5.116e+01
 -104.000         270.000           -1.215e+01          -1.215e+01               0.000          -1.215e+01               0.000          -5.231e+01
 -103.000         270.000           -1.277e+01          -1.277e+01               0.000          -1.277e+01               0.000          -5.354e+01
 -102.000         270.000           -1.343e+01          -1.343e+01               0.000          -1.343e+01               0.000          -5.486e+01
 -101.000         270.000           -1.415e+01          -1.415e+01               0.000          -1.415e+01               0.000          -5.630e+01
 -100.000         270.000           -1.494e+01          -1.494e+01               0.000          -1.494e+01               0.000          -5.788e+01
  -99.000         270.000           -1.580e+01          -1.580e+01               0.000          -1.580e+01               0.000          -5.961e+01
  -98.000         270.000           -1.677e+01          -1.677e+01               0.000          -1.677e+01               0.000          -6.154e+01
  -97.000         270.000           -1.785e+01          -1.785e+01               0.000          -1.785e+01               0.000          -6.371e+01
  -96.000         270.000           -1.909e+01          -1.909e+01               0.000          -1.909e+01               0.000          -6.618e+01
  -95.000         270.000           -2.053e+01          -2.053e+01               0.000          -2.053e+01               0.000          -6.907e+01
  -94.000         270.000           -2.226e+01          -2.226e+01               0.000          -2.226e+01               0.000          -7.253e+01
  -93.000         270.000           -2.440e+01          -2.440e+01               0.000          -2.440e+01               0.000          -7.681e+01
  -92.000         270.000           -2.720e+01          -2.720e+01               0.000          -2.720e+01               0.000          -8.241e+01
  -91.000         270.000           -3.112e+01          -3.112e+01               0.000          -3.112e+01               0.000          -9.024e+01
  -90.000         270.000           -3.632e+01          -3.632e+01               0.000          -3.632e+01               0.000          -1.007e+02
  -89.000         270.000           -3.543e+01          -3.543e+01               0.000          -3.543e+01               0.000          -9.887e+01
  -88.000         270.000           -3.031e+01          -3.031e+01               0.000          -3.031e+01               0.000          -8.862e+01
  -87.000         270.000           -2.664e+01          -2.664e+01               0.000          -2.664e+01               0.000          -8.128e+01
  -86.000         270.000           -2.398e+01          -2.398e+01               0.000          -2.398e+01               0.000          -7.597e+01
  -85.000         270.000           -2.193e+01          -2.193e+01               0.000          -2.193e+01               0.000          -7.186e+01
  -84.000         270.000           -2.026e+01          -2.026e+01               0.000          -2.026e+01               0.000          -6.852e+01
  -83.000         270.000           -1.886e+01          -1.886e+01               0.000          -1.886e+01               0.000          -6.572e+01
  -82.000         270.000           -1.765e+01          -1.765e+01               0.000          -1.765e+01               0.000          -6.330e+01
  -81.000         270.000           -1.659e+01          -1.659e+01               0.000          -1.659e+01               0.000          -6.118e+01
  -80.000         270.000           -1.564e+01          -1.564e+01               0.000          -1.564e+01               0.000          -5.929e+01
  -79.000         270.000           -1.479e+01          -1.479e+01               0.000          -1.479e+01               0.000          -5.759e+01
  -78.000         270.000           -1.402e+01          -1.402e+01               0.000          -1.402e+01               0.000          -5.605e+01
  -77.000         270.000           -1.331e+01          -1.331e+01               0.000          -1.331e+01               0.000          -5.463e+01
  -76.000         270.000           -1.266e+01          -1.266e+01               0.000          -1.266e+01               0.000          -5.332e+01
  -75.000         270.000           -1.205e+01          -1.205e+01               0.000          -1.205e+01               0.000          -5.211e+01
  -74.000         270.000           -1.149e+01          -1.149e+01               0.000          -1.149e+01               0.000          -5.098e+01
  -73.000         270.000           -1.096e+01          -1.096e+01               0.000          -1.096e+01               0.000          -4.992e+01
  -72.000         270.000           -1.046e+01          -1.046e+01               0.000          -1.046e+01               0.000          -4.892e+01
  -71.000         270.000           -9.990e+00          -9.990e+00               0.000          -9.990e+00               0.000          -4.799e+01
  -70.000         270.000           -9.547e+00          -9.547e+00               0.000          -9.547e+00               0.000          -4.710e+01
  -69.000         270.000           -9.127e+00          -9.127e+00               0.000          -9.127e+00               0.000          -4.626e+01
  -68.000         270.000           -8.729e+00          -8.729e+00               0.000          -8.729e+00               0.000          -4.546e+01
  -67.000         270.000           -8.349e+00          -8.349e+00               0.000          -8.349e+00               0.000          -4.470e+01
  -66.000         270.000           -7.987e+00          -7.987e+00               0.000          -7.987e+00               0.000          -4.398e+01
  -65.000         270.000           -7.642e+00          -7.642e+00               0.000          -7.642e+00               0.000          -4.329e+01
  -64.000         270.000           -7.311e+00          -7.311e+00               0.000          -7.311e+00               0.000          -4.263e+01
  -63.000         270.000           -6.994e+00          -6.994e+00               0.000          -6.994e+00               0.000          -4.199e+01
  -62.000         270.000           -6.691e+00          -6.691e+00               0.000          -6.691e+00               0.000          -4.139e+01
  -61.000         270.000           -6.399e+00          -6.399e+00               0.000          -6.399e+00               0.000          -4.080e+01
  -60.000         270.000           -6.119e+00          -6.119e+00               0.000          -6.119e+00               0.000          -4.024e+01
  -59.000         270.000           -5.849e+00          -5.849e+00               0.000          -5.849e+00               0.000          -3.970e+01
  -58.000         270.000           -5.590e+00          -5.590e+00               0.000          -5.590e+00               0.000          -3.918e+01
  -57.000         270.000           -5.340e+00          -5.340e+00               0.000          -5.340e+00               0.000          -3.868e+01
  -56.000         270.000           -5.099e+00          -5.099e+00               0.000          -5.099e+00               0.000          -3.820e+01
  -55.000         270.000           -4.866e+00          -4.866e+00               0.000          -4.866e+00               0.000          -3.774e+01
  -54.000         270.000           -4.642e+00          -4.642e+00               0.000          -4.642e+00               0.000          -3.729e+01
  -53.000         270.000           -4.425e+00          -4.425e+00               0.000          -4.425e+00               0.000          -3.685e+01
  -52.000         270.000           -4.215e+00          -4.215e+00               0.000          -4.215e+00               0.000          -3.644e+01
  -51.000         270.000           -4.013e+00          -4.013e+00               0.000          -4.013e+00               0.000          -3.603e+01
  -50.000         270.000           -3.817e+00          -3.817e+00               0.000          -3.817e+00               0.000          -3.564e+01
  -49.000         270.000           -3.628e+00          -3.628e+00               0.000          -3.628e+00               0.000          -3.526e+01
  -48.000         270.000           -3.445e+00          -3.445e+00               0.000          -3.445e+00               0.000          -3.489e+01
  -47.000         270.000           -3.268e+00          -3.268e+00               0.000          -3.268e+00               0.000          -3.454e+01
  -46.000         270.000           -3.096e+00          -3.096e+00               0.000          -3.096e+00               0.000          -3.420e+01
  -45.000         270.000           -2.930e+00          -2.930e+00               0.000          -2.930e+00               0.000          -3.387e+01
  -44.000         270.000           -2.770e+00          -2.770e+00               0.000          -2.770e+00               0.000          -3.354e+01
  -43.000         270.000           -2.614e+00          -2.614e+00               0.000          -2.614e+00               0.000          -3.323e+01
  -42.000         270.000           -2.464e+00          -2.464e+00               0.000          -2.464e+00               0.000          -3.293e+01
  -41.000         270.000           -2.319e+00          -2.319e+00               0.000          -2.319e+00               0.000          -3.264e+01
  -40.000         270.000           -2.178e+00          -2.178e+00               0.000          -2.178e+00               0.000          -3.236e+01
  -39.000         270.000           -2.042e+00          -2.042e+00               0.000          -2.042e+00               0.000          -3.209e+01
  -38.000         270.000           -1.910e+00          -1.910e+00               0.000          -1.910e+00               0.000          -3.182e+01
  -37.000         270.000           -1.783e+00          -1.783e+00               0.000          -1.783e+00               0.000          -3.157e+01
  -36.000         270.000           -1.660e+00          -1.660e+00               0.000          -1.660e+00               0.000          -3.132e+01
  -35.000         270.000           -1.541e+00          -1.541e+00               0.000          -1.541e+00               0.000          -3.109e+01
  -34.000         270.000           -1.426e+00          -1.426e+00               0.000          -1.426e+00               0.000          -3.086e+01
  -33.000         270.000           -1.315e+00          -1.315e+00               0.000          -1.315e+00               0.000          -3.064e+01
  -32.000         270.000           -1.208e+00          -1.208e+00               0.000          -1.208e+00               0.000          -3.042e+01
  -31.000         270.000           -1.105e+00          -1.105e+00               0.000          -1.105e+00               0.000          -3.022e+01
  -30.000         270.000           -1.006e+00          -1.006e+00               0.000          -1.006e+00               0.000          -3.002e+01
  -29.000         270.000           -9.104e-01          -9.104e-01               0.000          -9.104e-01               0.000          -2.983e+01
  -28.000         270.000           -8.184e-01          -8.184e-01               0.000          -8.184e-01               0.000          -2.964e+01
  -27.000         270.000           -7.300e-01          -7.300e-01               0.000          -7.300e-01               0.000          -2.946e+01
  -26.000         270.000           -6.452e-01          -6.452e-01               0.000          -6.452e-01               0.000          -2.930e+01
  -25.000         270.000           -5.638e-01          -5.638e-01               0.000          -5.638e-01               0.000          -2.913e+01
  -24.000         270.000           -4.859e-01          -4.859e-01               0.000          -4.859e-01               0.000          -2.898e+01
  -23.000         270.000           -4.113e-01          -4.113e-01               0.000          -4.113e-01               0.000          -2.883e+01
  -22.000         270.000           -3.401e-01          -3.401e-01               0.000          -3.401e-01               0.000          -2.869e+01
  -21.000         270.000           -2.722e-01          -2.722e-01               0.000          -2.722e-01               0.000          -2.855e+01
  -20.000         270.000           -2.076e-01          -2.076e-01               0.000          -2.076e-01               0.000          -2.842e+01
  -19.000         270.000           -1.462e-01          -1.462e-01               0.000          -1.462e-01               0.000          -2.830e+01
  -18.000         270.000           -8.808e-02          -8.808e-02               0.000          -8.808e-02               0.000          -2.818e+01
  -17.000         270.000           -3.309e-02          -3.309e-02               0.000          -3.309e-02               0.000          -2.807e+01
  -16.000         270.000            1.874e-02           1.874e-02               0.000           1.874e-02               0.000          -2.797e+01
  -15.000         270.000            6.744e-02           6.744e-02               0.000           6.744e-02               0.000          -2.787e+01
  -14.000         270.000            1.130e-01           1.130e-01               0.000           1.130e-01               0.000          -2.778e+01
  -13.000         270.000            1.555e-01           1.555e-01               0.000           1.555e-01               0.000          -2.769e+01
  -12.000         270.000            1.950e-01           1.950e-01               0.000           1.950e-01               0.000          -2.761e+01
  -11.000         270.000            2.313e-01           2.313e-01               0.000           2.313e-01               0.000          -2.754e+01
  -10.000         270.000            2.647e-01           2.647e-01               0.000           2.647e-01               0.000          -2.748e+01
   -9.000         270.000            2.950e-01           2.950e-01               0.000           2.950e-01               0.000          -2.741e+01
   -8.000         270.000            3.223e-01           3.223e-01               0.000           3.223e-01               0.000          -2.736e+01
   -7.000         270.000            3.466e-01           3.466e-01               0.000           3.466e-01               0.000          -2.731e+01
   -6.000         270.000            3.680e-01           3.680e-01               0.000           3.680e-01               0.000          -2.727e+01
   -5.000         270.000            3.863e-01           3.863e-01               0.000           3.863e-01               0.000          -2.723e+01
   -4.000         270.000            4.017e-01           4.017e-01               0.000           4.017e-01               0.000          -2.720e+01
   -3.000         270.000            4.141e-01           4.141e-01               0.000           4.141e-01               0.000          -2.718e+01
   -2.000         270.000            4.235e-01           4.235e-01               0.000           4.235e-01               0.000          -2.716e+01
   -1.000         270.000            4.300e-01           4.300e-01               0.000           4.300e-01               0.000          -2.714e+01
   0.000          90.000            4.335e-01           4.335e-01               0.000           4.335e-01               0.000          -2.714e+01
